2000
3996
0 2
0 21
0 42
0 117
0 125
0 146
0 281
0 352
0 363
0 493
0 678
0 685
0 1029
0 1226
0 1257
0 1361
0 1441
0 1502
0 1517
0 1737
1 2
1 3
1 5
1 6
1 7
1 8
1 14
1 24
1 32
1 38
1 39
1 42
1 45
1 47
1 50
1 53
1 54
1 59
1 60
1 71
1 75
1 83
1 110
1 114
1 116
1 119
1 120
1 125
1 135
1 136
1 151
1 158
1 164
1 212
1 224
1 236
1 244
1 251
1 260
1 264
1 280
1 282
1 286
1 301
1 321
1 331
1 338
1 385
1 409
1 438
1 445
1 481
1 503
1 513
1 529
1 574
1 587
1 594
1 653
1 658
1 663
1 718
1 719
1 728
1 743
1 757
1 856
1 866
1 938
1 941
1 947
1 966
1 1021
1 1023
1 1085
1 1092
1 1105
1 1185
1 1227
1 1234
1 1239
1 1247
1 1322
1 1326
1 1340
1 1350
1 1363
1 1424
1 1588
1 1615
1 1634
1 1639
1 1643
1 1735
1 1787
1 1875
1 1879
1 1921
1 1966
1 1973
1 1984
2 3
2 4
2 5
2 13
2 15
2 19
2 22
2 25
2 33
2 40
2 50
2 59
2 63
2 69
2 74
2 76
2 77
2 124
2 133
2 142
2 149
2 162
2 164
2 197
2 205
2 238
2 262
2 318
2 322
2 335
2 352
2 386
2 426
2 429
2 440
2 461
2 464
2 567
2 595
2 597
2 656
2 663
2 699
2 731
2 763
2 799
2 810
2 842
2 877
2 879
2 955
2 1057
2 1059
2 1184
2 1263
2 1279
2 1373
2 1395
2 1418
2 1512
2 1589
2 1649
2 1664
2 1703
2 1746
2 1753
2 1762
2 1815
2 1940
2 1952
3 4
3 13
3 17
3 62
3 133
3 232
3 292
3 469
3 494
3 502
3 531
3 730
3 822
3 839
3 1147
3 1301
3 1327
3 1349
3 1354
3 1393
3 1461
3 1485
3 1637
3 1661
3 1812
3 1903
3 1919
4 28
4 35
4 37
4 57
4 160
4 171
4 238
4 241
4 326
4 327
4 406
4 414
4 447
4 795
4 897
4 1080
4 1315
4 1318
4 1327
4 1391
4 1405
4 1423
4 1465
4 1624
4 1646
4 1656
4 1733
4 1825
4 1934
5 6
5 9
5 33
5 60
5 74
5 78
5 108
5 109
5 157
5 165
5 240
5 248
5 285
5 289
5 302
5 523
5 585
5 605
5 714
5 749
5 775
5 798
5 808
5 1242
5 1470
5 1505
5 1602
5 1626
5 1701
5 1770
6 7
6 8
6 10
6 16
6 17
6 20
6 23
6 26
6 36
6 39
6 41
6 44
6 48
6 52
6 66
6 70
6 72
6 78
6 96
6 102
6 107
6 140
6 168
6 176
6 187
6 188
6 195
6 196
6 256
6 259
6 281
6 284
6 311
6 325
6 345
6 374
6 391
6 395
6 424
6 428
6 452
6 482
6 486
6 515
6 533
6 538
6 552
6 569
6 581
6 631
6 659
6 666
6 739
6 747
6 856
6 863
6 884
6 901
6 929
6 931
6 1013
6 1046
6 1133
6 1298
6 1312
6 1324
6 1360
6 1481
6 1500
6 1526
6 1591
6 1604
6 1610
6 1617
6 1655
6 1666
6 1674
6 1730
6 1734
6 1848
6 1895
6 1901
7 16
7 40
7 43
7 180
7 182
7 216
7 219
7 379
7 422
7 616
7 797
7 874
7 1148
7 1210
7 1235
7 1685
7 1706
7 1812
8 9
8 10
8 11
8 14
8 20
8 23
8 104
8 105
8 106
8 111
8 117
8 137
8 150
8 184
8 189
8 195
8 202
8 228
8 254
8 265
8 276
8 337
8 361
8 370
8 384
8 408
8 468
8 477
8 559
8 593
8 708
8 711
8 725
8 750
8 772
8 860
8 905
8 954
8 981
8 1136
8 1224
8 1546
8 1628
8 1667
8 1743
8 1832
9 11
9 21
9 24
9 31
9 32
9 55
9 56
9 65
9 145
9 163
9 180
9 186
9 276
9 293
9 305
9 385
9 404
9 410
9 465
9 534
9 614
9 619
9 738
9 746
9 751
9 805
9 948
9 1029
9 1033
9 1044
9 1081
9 1154
9 1323
9 1456
9 1586
9 1745
9 1768
9 1809
10 12
10 27
10 57
10 66
10 115
10 116
10 131
10 134
10 140
10 188
10 205
10 221
10 260
10 415
10 498
10 499
10 511
10 600
10 655
10 677
10 711
10 787
10 886
10 924
10 932
10 972
10 1170
10 1268
10 1300
10 1655
10 1708
10 1785
10 1882
10 1932
10 1945
11 12
11 19
11 207
11 254
11 268
11 346
11 390
11 555
11 688
11 1013
11 1077
11 1152
11 1522
11 1876
12 15
12 26
12 27
12 44
12 91
12 98
12 118
12 280
12 291
12 292
12 343
12 588
12 610
12 659
12 661
12 699
12 765
12 898
12 931
12 979
12 1024
12 1097
12 1328
12 1611
12 1632
12 1719
12 1792
13 18
13 28
13 30
13 36
13 43
13 91
13 129
13 216
13 482
13 681
13 745
13 854
13 1085
13 1335
13 1431
13 1645
14 18
14 25
14 30
14 35
14 70
14 73
14 100
14 144
14 152
14 163
14 227
14 350
14 591
14 755
14 878
14 946
14 1000
14 1145
14 1181
14 1188
14 1292
14 1336
14 1417
14 1498
14 1541
14 1618
14 1687
14 1692
15 200
15 514
15 681
15 727
15 768
15 825
15 919
15 1019
15 1056
15 1091
15 1608
15 1830
16 22
16 29
16 34
16 62
16 86
16 95
16 127
16 152
16 211
16 283
16 289
16 341
16 348
16 551
16 688
16 963
16 1002
16 1314
16 1616
16 1663
17 104
17 221
17 223
17 252
17 313
17 362
17 371
17 421
17 548
17 572
17 594
17 610
17 1068
17 1112
17 1278
17 1552
17 1569
17 1716
17 1804
17 1813
18 64
18 463
18 1281
19 82
19 101
19 131
19 142
19 160
19 165
19 173
19 213
19 264
19 269
19 288
19 301
19 401
19 419
19 432
19 570
19 617
19 630
19 803
19 824
19 827
19 1042
19 1165
19 1172
19 1204
19 1296
19 1446
19 1576
19 1583
19 1658
19 1723
20 113
20 124
20 126
20 187
20 193
20 209
20 226
20 258
20 273
20 367
20 412
20 545
20 655
20 680
20 682
20 744
20 833
20 936
20 948
20 956
20 965
20 1026
20 1193
20 1229
20 1398
20 1773
20 1787
20 1934
20 1949
20 1959
20 1979
21 89
21 177
21 192
21 204
21 267
21 480
21 718
21 765
21 815
21 887
21 1080
21 1142
21 1251
21 1264
21 1297
21 1317
21 1452
22 31
22 79
22 80
22 82
22 107
22 115
22 167
22 172
22 243
22 356
22 367
22 373
22 403
22 417
22 436
22 478
22 542
22 549
22 604
22 654
22 682
22 690
22 836
22 908
22 1212
22 1251
22 1253
22 1375
22 1406
22 1460
22 1535
22 1936
22 1986
23 101
23 236
23 359
23 471
23 603
23 1595
24 83
24 85
24 92
24 134
24 170
24 253
24 376
24 384
24 556
24 821
24 870
24 969
24 1239
24 1596
25 38
25 46
25 130
25 253
25 259
25 394
25 469
25 510
25 546
25 740
25 780
25 848
25 984
25 1039
25 1093
25 1112
25 1158
25 1232
25 1549
25 1568
25 1711
25 1808
26 79
26 366
26 372
26 381
26 476
26 485
26 539
26 811
26 875
26 945
26 1089
26 1245
26 1277
26 1371
26 1433
26 1508
26 1673
26 1849
26 1922
27 29
27 46
27 90
27 99
27 128
27 198
27 243
27 256
27 324
27 473
27 481
27 571
27 604
27 654
27 675
27 776
27 1236
27 1283
27 1833
27 1960
28 45
28 148
28 192
28 901
28 1361
28 1772
29 55
29 97
29 201
29 338
29 380
29 386
29 389
29 450
29 673
29 712
29 732
29 909
29 928
29 1200
29 1268
29 1561
29 1577
29 1648
29 1671
29 1760
29 1829
29 1904
29 1923
30 34
30 61
30 67
30 75
30 87
30 92
30 121
30 190
30 212
30 258
30 268
30 323
30 329
30 347
30 353
30 368
30 422
30 443
30 454
30 490
30 542
30 547
30 551
30 719
30 724
30 846
30 874
30 889
30 942
30 1097
30 1205
30 1217
30 1339
30 1454
30 1461
30 1551
30 1557
30 1728
30 1768
30 1842
30 1923
31 37
31 49
31 56
31 96
31 166
31 172
31 230
31 272
31 344
31 390
31 416
31 487
31 536
31 565
31 581
31 646
31 667
31 696
31 792
31 868
31 872
31 880
31 1154
31 1183
31 1190
31 1240
31 1392
31 1425
31 1715
31 1742
32 54
32 84
32 137
32 261
32 344
32 477
32 830
32 1612
33 41
33 53
33 250
33 283
33 306
33 339
33 831
33 974
33 1102
33 1550
33 1582
33 1810
33 1894
33 1944
34 148
34 214
34 296
34 943
35 58
35 110
35 123
35 189
35 349
35 395
35 427
35 566
35 706
35 819
35 936
35 1790
35 1817
35 1990
36 48
36 636
36 779
36 1490
36 1514
37 51
37 80
37 109
37 141
37 143
37 204
37 220
37 247
37 357
37 492
37 694
37 705
37 722
37 934
37 950
37 976
37 1009
37 1113
37 1160
37 1780
37 1840
37 1845
37 1968
38 516
39 47
39 64
39 103
39 339
39 605
39 780
39 1231
39 1414
40 725
40 885
40 1409
41 49
41 73
41 90
41 354
41 448
41 463
41 489
41 495
41 600
41 766
41 811
41 831
41 838
41 935
41 964
41 1092
41 1410
41 1521
41 1611
41 1939
42 310
42 337
42 354
42 413
42 448
42 508
42 692
42 913
42 986
42 1014
42 1212
42 1565
42 1816
43 63
43 87
43 94
43 167
43 178
43 218
43 296
43 358
43 439
43 509
43 987
43 1037
43 1043
43 1178
43 1238
43 1404
43 1485
43 1552
43 1594
43 1605
43 1844
44 291
44 500
44 670
44 1387
45 224
45 279
45 285
45 372
45 410
45 418
45 517
45 729
45 762
45 1358
45 1794
45 1827
46 120
46 153
46 181
46 479
46 598
46 849
46 896
46 1220
46 1300
46 1499
46 1505
46 1525
46 1654
46 1882
46 1955
47 52
47 72
47 89
47 122
47 234
47 267
47 295
47 355
47 378
47 623
47 1016
47 1157
47 1302
47 1432
48 68
48 69
48 624
48 992
48 1058
48 1352
48 1788
49 200
49 437
49 539
49 607
49 630
49 756
49 776
49 844
49 1012
49 1027
49 1435
50 51
50 61
50 65
50 88
50 159
50 335
50 424
50 545
50 639
50 664
50 686
50 953
50 988
50 1040
50 1041
50 1048
50 1100
50 1143
50 1320
50 1348
50 1377
50 1489
50 1600
50 1925
51 234
51 586
51 1524
51 1609
51 1662
52 175
52 255
52 341
52 400
52 445
52 647
52 784
52 922
52 1434
52 1920
53 111
53 382
53 541
53 1020
53 1288
53 1468
53 1483
54 637
54 672
54 701
54 970
54 1987
55 58
55 114
55 123
55 328
55 329
55 416
55 812
55 850
55 1128
55 1270
55 1287
55 1795
55 1969
56 141
56 145
56 174
56 179
56 208
56 273
56 299
56 392
56 423
56 488
56 497
56 534
56 561
56 685
56 698
56 731
56 887
56 895
56 993
56 1045
56 1086
56 1208
56 1211
56 1226
56 1315
56 1560
56 1691
56 1752
56 1764
56 1868
56 1974
58 121
58 190
58 196
58 220
58 457
58 527
58 778
58 1096
58 1130
58 1333
58 1410
58 1549
58 1758
58 1870
59 183
59 266
59 333
59 486
59 661
59 1472
60 93
60 426
60 809
60 862
60 1466
60 1518
60 1766
60 1776
60 1981
61 71
61 181
61 213
61 380
61 382
61 580
61 832
61 1180
61 1223
61 1571
61 1616
62 67
62 68
62 118
62 206
62 279
62 290
62 315
62 343
62 370
62 399
62 428
62 554
62 615
62 626
62 782
62 1280
62 1329
62 1844
62 1910
63 288
63 297
63 629
63 1103
63 1418
63 1575
63 1958
64 721
65 593
65 1198
65 1560
66 86
66 97
66 139
66 218
66 271
66 503
66 518
66 540
66 1902
67 81
67 245
67 442
67 579
67 1750
68 84
68 100
68 102
68 155
68 277
68 435
68 641
68 691
68 1051
68 1087
68 1257
68 1586
68 1851
68 1852
69 81
69 88
69 112
69 130
69 144
69 365
69 366
69 387
69 1066
69 1083
69 1518
69 1528
69 1573
69 1949
69 1951
70 99
70 105
70 251
70 294
70 490
70 645
70 648
70 758
70 892
70 1016
70 1926
71 76
71 171
71 197
71 226
71 297
71 925
71 1034
71 1442
71 1690
72 128
72 360
72 817
72 1149
72 1887
73 94
73 136
73 158
73 185
73 217
73 235
73 244
73 275
73 351
73 505
73 517
73 550
73 584
73 599
73 693
73 715
73 872
73 1456
73 1569
73 1601
73 1604
73 1709
73 1775
73 1879
73 1902
73 1933
74 249
74 429
74 606
74 1095
74 1325
75 77
75 129
75 671
75 894
75 1038
76 132
76 459
76 598
76 637
76 1329
76 1475
76 1767
76 1930
77 85
77 95
77 154
77 222
77 233
77 263
77 332
77 350
77 397
77 449
77 451
77 543
77 596
77 631
77 732
77 742
77 773
77 926
77 1122
77 1178
77 1295
77 1452
77 1756
77 1785
77 1868
77 1901
77 1910
78 113
78 166
78 564
78 1018
78 1074
79 93
79 135
79 210
79 667
79 993
80 401
80 451
80 1335
80 1457
80 1578
81 127
81 175
81 391
81 494
81 1281
82 119
82 544
82 640
82 649
82 1373
83 309
83 340
83 1062
83 1267
83 1545
83 1680
84 108
84 161
84 402
84 525
84 547
84 702
84 703
84 890
84 1005
84 1252
85 126
85 683
85 843
86 138
86 359
86 806
87 612
87 1125
87 1355
87 1369
87 1808
88 207
89 300
91 98
91 149
91 208
91 250
91 270
91 314
91 402
91 414
91 483
91 625
91 736
91 891
91 1004
91 1124
91 1173
91 1266
91 1769
91 1805
91 1853
91 1862
92 150
92 215
92 318
92 616
92 900
92 1052
92 1477
92 1688
92 1818
93 177
93 265
93 518
93 658
93 790
93 819
93 939
93 1263
93 1583
93 1925
94 112
94 139
94 194
94 206
94 231
94 270
94 272
94 417
94 437
94 455
94 471
94 484
94 536
94 590
94 712
94 742
94 813
94 853
94 1116
94 1181
94 1401
94 1436
94 1544
94 1581
94 1606
95 106
95 203
95 351
95 453
95 462
95 707
95 847
95 1277
95 1514
95 1584
95 1644
96 1613
97 191
97 1166
97 1726
98 231
98 255
98 309
98 393
98 415
98 1336
99 237
99 632
99 1403
100 161
100 357
100 487
100 520
100 574
100 1501
101 306
101 526
101 527
101 560
101 692
101 793
101 899
101 940
101 1022
101 1036
101 1163
101 1200
101 1351
101 1363
101 1641
101 1674
101 1681
102 103
102 154
102 162
102 169
102 201
102 202
102 298
102 526
102 558
102 679
102 748
102 880
102 895
102 967
102 985
102 1071
102 1215
102 1296
102 1382
102 1537
102 1688
103 287
103 383
103 524
103 657
103 795
103 1069
103 1535
103 1852
104 198
104 217
104 284
104 398
104 965
104 980
104 1566
104 1589
104 1699
104 1709
104 1860
105 143
105 146
105 155
105 176
105 185
105 223
105 227
105 242
105 443
105 835
105 1004
105 1140
105 1362
105 1385
105 1856
106 153
106 263
106 316
106 364
106 513
106 1028
106 1165
106 1185
106 1386
106 1399
106 1663
107 506
107 813
107 1279
108 1833
109 325
109 544
109 911
110 455
110 754
110 913
110 1160
110 1619
110 1740
110 1991
111 159
111 179
111 427
111 609
111 639
111 992
111 1398
111 1420
111 1653
112 157
112 194
112 269
112 358
112 524
112 664
112 676
112 855
112 933
112 949
112 1074
112 1100
112 1152
112 1155
112 1359
112 1469
112 1623
112 1665
112 1698
112 1827
113 132
113 355
113 537
113 764
113 1220
113 1250
113 1627
113 1675
114 239
114 312
114 652
114 1088
114 1520
115 122
115 173
115 459
115 716
115 870
115 1012
115 1127
115 1184
115 1937
116 315
117 147
117 151
117 156
117 407
117 521
117 564
117 644
117 975
117 1078
117 1168
117 1285
117 1350
117 1419
117 1829
118 228
118 240
118 388
118 493
118 576
118 707
118 1187
118 1593
118 1782
119 203
119 261
119 1135
120 1244
121 430
121 530
121 641
121 1202
121 1815
122 859
123 156
123 1308
123 1851
124 147
125 193
125 369
125 587
125 1151
125 1412
125 1507
125 1638
126 620
126 1492
126 1776
127 336
127 400
127 1286
127 1741
127 1855
127 1917
127 1970
128 138
128 1730
129 168
129 266
129 409
129 420
129 1718
130 169
130 274
130 314
130 323
130 552
130 573
130 646
130 690
130 700
130 1102
131 282
131 1106
132 186
132 1301
133 729
134 278
134 433
134 1938
135 629
135 1070
135 1941
136 439
137 393
137 628
137 635
137 903
137 1061
137 1694
139 522
139 1070
139 1255
139 1590
139 1700
140 277
140 278
140 334
140 460
140 668
140 1081
140 1508
141 209
141 368
141 1636
141 1779
141 1791
142 501
143 184
143 294
143 342
143 723
143 890
143 1332
143 1599
143 1629
143 1935
144 1694
145 588
145 971
145 1511
145 1587
146 233
146 342
146 421
146 720
146 855
146 1011
146 1175
146 1303
146 1356
146 1504
146 1699
146 1897
146 1944
147 680
147 1134
148 182
148 199
148 225
148 450
148 462
148 476
148 1051
148 1510
148 1597
148 1806
148 1954
149 304
149 328
149 687
149 834
149 976
149 1541
149 1724
149 1823
149 1831
149 1922
150 211
150 364
150 374
150 584
150 789
150 820
150 962
150 1023
150 1543
150 1960
151 332
151 746
151 801
151 1117
151 1558
152 242
152 430
152 1259
152 1515
153 295
153 381
153 927
153 1008
153 1590
153 1704
154 225
154 319
154 419
154 1573
155 557
155 737
156 781
156 1218
156 1303
156 1964
156 1981
156 1990
156 1996
157 388
157 1177
158 572
159 170
159 360
159 433
159 997
159 1108
159 1123
159 1137
159 1177
159 1484
159 1609
159 1726
159 1736
159 1784
160 303
160 365
160 399
160 739
160 1163
160 1532
160 1547
161 516
161 643
161 741
161 827
161 910
164 230
164 585
164 684
164 738
165 174
165 235
165 326
165 361
165 398
165 733
165 1146
165 1221
165 1256
165 1668
165 1828
166 246
166 286
166 484
166 556
166 625
166 666
166 1065
166 1285
166 1344
166 1759
167 229
167 304
167 371
167 519
167 1096
167 1260
167 1261
167 1454
167 1714
168 183
168 229
168 345
168 346
168 634
168 1884
169 199
169 1367
169 1582
170 467
170 1056
170 1101
170 1427
170 1983
171 191
171 1951
173 1213
173 1230
174 222
174 237
174 245
174 456
174 651
174 698
174 766
174 842
174 1082
174 1188
177 178
177 320
177 441
177 937
177 1073
177 1740
178 340
178 383
178 406
178 432
178 612
178 634
178 919
178 997
178 1142
178 1206
178 1389
178 1392
178 1430
178 1727
178 1971
179 214
179 662
179 1538
179 1691
179 1884
180 210
180 981
180 1524
180 1859
181 249
181 483
181 1771
181 1816
181 1862
182 317
183 336
183 561
183 1929
183 1995
184 949
185 215
185 275
185 362
186 1437
187 982
188 302
189 271
190 287
191 298
195 241
195 694
195 779
195 990
196 1324
196 1967
197 408
197 1003
197 1310
197 1673
197 1874
198 252
198 449
198 470
198 823
198 1195
198 1253
199 764
199 940
200 239
200 334
200 389
200 456
200 696
200 807
200 882
200 961
200 1064
200 1111
200 1557
200 1770
200 1793
200 1805
200 1837
200 1859
200 1953
201 460
201 608
202 324
202 835
202 1128
203 248
203 303
203 790
203 791
203 826
203 914
203 1067
203 1278
204 453
205 322
205 480
205 754
205 873
205 937
205 1082
205 1091
205 1121
205 1161
205 1553
205 1683
205 1854
206 232
206 300
206 312
206 320
206 578
207 1075
207 1430
208 506
208 687
208 1920
209 274
209 379
209 807
209 1783
210 247
210 446
210 458
210 791
210 1005
210 1031
210 1428
211 1319
211 1523
211 1601
211 1788
213 219
213 538
213 1107
213 1187
213 1857
215 257
215 602
215 1064
215 1567
215 1712
216 519
216 759
216 1440
216 1481
217 650
217 869
217 978
217 1378
217 1442
217 1794
218 411
218 425
219 1320
219 1743
220 452
220 479
220 697
220 1053
220 1284
220 1657
220 1716
221 369
221 512
221 762
221 800
221 1543
221 1624
221 1630
221 1836
221 1889
221 1898
222 747
223 311
223 454
223 1176
223 1249
223 1290
223 1989
225 356
225 589
225 1801
226 394
226 562
226 703
226 733
226 1507
228 812
228 926
228 1248
228 1302
228 1546
229 468
230 466
230 1162
230 1237
230 1858
231 668
231 721
232 466
232 1429
233 375
233 396
233 774
233 1312
233 1739
233 1847
233 1861
234 327
235 262
235 308
235 347
235 441
235 849
235 1531
235 1607
235 1877
236 893
236 945
236 1782
237 246
237 319
237 435
237 475
237 498
237 514
237 570
237 628
237 894
237 923
237 1072
237 1132
237 1182
237 1191
237 1304
237 1460
237 1630
237 1793
237 1832
238 563
238 1073
239 825
239 1396
239 1503
240 1015
240 1366
240 1438
240 1458
240 1880
241 977
241 1189
242 446
242 540
242 714
243 307
243 509
243 623
243 689
243 1119
243 1503
243 1648
243 1962
243 1975
244 761
245 299
245 802
245 876
245 1047
245 1049
245 1352
245 1354
245 1372
245 1413
245 1480
245 1532
245 1696
246 375
246 1162
246 1497
247 511
247 611
247 881
247 924
247 1098
247 1539
248 576
249 1536
250 496
250 559
250 873
250 1397
250 1510
250 1705
250 1964
252 257
252 472
252 491
252 726
252 878
252 915
252 991
252 1252
252 1458
252 1865
253 523
253 737
255 348
257 431
257 689
257 946
257 1192
257 1473
257 1937
257 1980
258 674
258 909
258 994
258 1274
258 1421
258 1727
258 1742
258 1904
258 1918
258 1935
259 377
259 622
261 979
261 1607
261 1701
262 316
262 642
262 810
263 305
263 566
263 577
263 741
263 767
263 1061
263 1148
263 1211
263 1305
263 1623
263 1731
263 1790
264 290
264 307
264 308
264 353
264 1169
264 1191
264 1237
264 1338
264 1976
265 533
265 674
265 871
265 972
265 1079
265 1225
265 1321
265 1347
266 404
266 943
267 447
267 1171
267 1194
267 1612
268 465
268 713
268 818
269 293
269 470
269 715
269 1195
270 1678
271 492
271 627
271 906
271 1054
271 1580
271 1905
272 504
272 596
272 1093
272 1462
273 879
274 378
274 704
275 613
275 883
275 1824
275 1864
279 407
279 1676
281 717
283 330
283 405
283 649
283 893
283 902
283 929
283 942
283 1337
283 1919
284 597
284 675
284 1186
284 1457
285 330
285 968
285 1179
285 1216
285 1346
287 1509
287 1650
288 474
288 567
288 638
288 1559
289 921
289 1041
289 1117
289 1164
290 431
290 876
290 968
290 1055
291 620
291 892
291 1371
292 310
292 632
292 777
292 952
292 1395
294 1031
294 1854
295 313
295 530
296 474
296 837
297 785
298 554
298 573
298 804
298 820
298 922
298 1042
298 1486
298 1758
299 331
299 1360
299 1617
301 317
301 397
301 1878
302 442
302 777
302 871
302 1126
302 1489
303 672
303 756
303 1010
303 1072
304 532
304 743
304 1676
304 1800
305 1445
305 1686
306 967
306 1123
306 1291
306 1608
306 1728
307 1478
308 575
308 580
308 1382
308 1432
310 710
310 826
310 1002
310 1229
310 1811
310 1917
311 321
311 496
311 520
311 582
311 705
311 964
311 1348
311 1684
312 916
312 1499
313 411
313 473
313 575
313 798
313 1869
314 1754
314 1886
316 528
316 726
316 763
316 774
316 1144
316 1171
316 1834
317 376
317 438
317 650
317 735
317 782
317 958
317 1025
317 1170
317 1241
317 1480
317 1603
318 633
318 1104
318 1118
318 1400
318 1983
319 434
319 548
319 673
319 1214
319 1598
320 373
320 961
322 549
322 824
322 904
322 944
324 501
324 507
324 1088
324 1529
324 1931
325 550
325 571
325 1175
325 1311
325 1422
326 693
326 1043
328 349
328 723
328 724
328 869
328 1282
328 1707
329 333
329 412
329 464
329 1006
329 1027
329 1161
329 1890
331 1293
332 405
332 583
332 868
332 1127
332 1174
332 1202
332 1814
333 377
333 515
333 857
333 1040
333 1060
333 1353
333 1713
333 1735
333 1835
333 1915
334 1035
335 601
336 563
336 1385
336 1625
337 532
337 1156
337 1906
338 800
338 1234
338 1242
339 1948
340 1343
341 436
341 535
341 845
341 1062
341 1067
341 1472
342 917
342 1186
342 1424
343 396
343 912
343 1652
343 1732
343 1906
345 863
345 1107
346 488
346 959
346 1696
346 1950
347 418
347 475
350 1110
350 1512
351 1863
352 947
353 728
353 1757
356 1293
357 669
357 927
358 1337
359 905
359 985
359 1176
361 624
361 1083
361 1449
362 363
362 387
362 601
362 686
362 828
362 911
362 1635
362 1898
363 744
363 1357
363 1841
364 423
364 558
364 569
364 642
364 1217
364 1439
364 1823
365 770
365 1058
365 1349
365 1491
366 458
366 522
366 678
366 702
366 851
366 1228
366 1403
366 1649
367 499
367 525
367 648
367 853
367 969
367 983
367 1116
367 1140
367 1394
367 1553
367 1739
367 1991
368 677
368 938
368 1001
368 1090
368 1206
368 1672
368 1754
368 1895
369 843
371 413
371 537
372 403
372 618
372 886
372 1008
372 1129
372 1744
372 1864
373 645
373 966
373 1169
373 1488
373 1563
374 1865
375 1565
376 1622
376 1660
377 852
377 1133
377 1497
378 898
378 1519
379 425
380 684
381 553
381 609
381 1638
381 1819
383 1384
384 420
384 497
385 578
385 614
385 1309
386 848
386 1556
386 1620
387 683
387 767
387 840
387 920
387 995
387 1069
387 1216
387 1525
387 1822
387 1997
388 697
388 769
388 1581
389 392
389 999
389 1580
390 925
390 1807
391 615
392 626
394 502
394 579
394 792
394 801
394 1294
394 1650
395 760
395 1777
396 444
396 959
396 1021
396 1111
396 1282
396 1570
398 1334
398 1427
398 1921
399 622
399 864
399 1174
400 491
400 1119
400 1390
400 1450
400 1575
401 1804
402 1959
403 669
403 797
403 875
403 1556
403 1857
404 512
404 592
404 1915
406 591
406 1007
406 1099
407 665
407 748
407 786
407 956
407 1634
408 633
408 716
408 838
409 440
409 553
409 695
409 841
409 907
409 1295
409 1765
409 1789
410 660
410 1778
411 660
413 823
414 881
414 1230
414 1558
415 461
415 805
415 809
415 832
415 957
415 1011
415 1145
415 1197
415 1370
415 1381
416 434
416 1057
416 1079
416 1447
417 557
417 710
417 1063
417 1238
417 1414
417 1943
418 752
418 1287
419 1747
420 833
420 861
420 1158
420 1534
420 1835
420 1839
421 679
421 847
422 485
422 531
422 603
422 840
422 1533
424 984
425 577
425 590
425 1225
425 1591
427 619
427 1618
429 535
429 1476
429 1562
431 1166
432 444
432 528
432 586
432 1095
432 1956
433 635
433 750
433 845
433 939
433 951
433 1513
435 508
435 662
435 977
435 1867
436 778
436 1316
436 1323
436 1405
437 1266
437 1411
438 478
438 500
438 760
441 495
441 505
443 583
443 786
443 1521
444 978
444 986
445 1551
445 1928
445 1955
446 1801
447 568
448 595
448 950
448 1089
448 1262
448 1478
451 457
451 1159
453 562
453 653
453 734
453 789
453 885
453 1050
453 1241
453 1270
453 1307
453 1547
454 784
454 1141
454 1273
455 1344
456 1588
457 621
457 695
457 753
457 1109
457 1125
457 1318
458 962
458 1022
458 1520
459 627
459 709
459 740
459 745
459 788
459 882
459 971
459 1193
459 1273
459 1444
459 1561
460 708
460 918
461 467
461 991
461 1476
463 647
463 713
465 930
465 1275
467 771
468 472
468 915
468 1098
469 1527
470 804
470 1539
471 736
472 1269
472 1746
472 1975
474 671
474 1108
474 1383
475 608
475 1221
476 1600
476 1989
477 507
477 999
477 1652
478 555
478 607
478 1383
480 1366
482 1677
483 543
483 599
483 1479
484 489
484 546
484 814
484 1342
487 582
487 989
487 1223
487 1256
487 1451
487 1838
488 1860
489 560
489 618
489 1129
489 1706
490 1554
491 1355
492 510
492 930
493 1423
493 1996
494 1143
494 1509
494 1945
496 504
496 670
496 753
498 844
498 1347
500 1207
501 1952
502 541
503 521
503 1156
505 734
505 1231
505 1377
506 640
506 691
506 846
506 1020
506 1033
507 806
507 834
507 884
508 996
508 1969
509 621
509 1351
509 1621
509 1717
510 854
510 860
510 988
510 1066
510 1771
510 1796
510 1885
511 749
511 1054
511 1550
511 1679
512 606
512 1289
512 1463
513 589
513 638
513 656
513 818
513 836
513 851
513 900
513 953
513 1044
513 1071
513 1243
513 1401
513 1869
513 1883
514 529
514 771
514 975
515 1693
516 1248
516 1772
520 730
520 1130
522 828
522 1233
523 954
524 701
524 839
524 866
526 1006
526 1947
527 565
527 704
527 850
527 921
529 735
529 1167
530 817
530 877
530 1368
530 1415
531 1908
532 657
532 717
532 1009
532 1065
533 896
533 1305
535 568
535 1198
535 1275
535 1378
536 1587
536 1678
539 1679
542 897
542 1264
542 1436
542 1614
542 1725
542 1760
542 1977
543 883
543 917
543 1018
543 1063
543 1299
543 1496
543 1797
545 755
545 796
545 1559
545 1891
546 617
546 1084
546 1308
546 1477
546 1899
548 611
548 1364
548 1444
549 1078
549 1428
549 1594
553 602
553 858
554 1523
555 1028
555 1896
557 951
557 989
557 1666
559 867
559 1131
560 1048
561 759
561 1075
561 1201
561 1328
561 1927
561 1932
562 841
563 906
563 1219
563 1492
563 1615
563 1750
564 700
566 803
566 1094
567 907
568 1841
569 889
569 899
569 1115
569 1501
571 1536
572 1643
573 914
574 592
574 643
574 709
576 995
576 1407
576 1420
576 1755
577 1924
579 974
579 1047
579 1294
579 1307
581 636
582 752
582 1286
583 787
584 1515
585 1567
585 1670
586 1014
586 1103
586 1388
586 1786
587 794
587 1542
589 1017
590 1060
590 1168
591 1474
591 1683
591 1704
592 613
592 796
592 802
592 1720
593 1422
595 1284
596 1120
596 1325
596 1511
596 1613
597 1916
598 1232
600 720
600 1249
600 1792
601 1522
602 816
608 1007
609 1780
610 996
610 1548
611 955
611 1863
612 1356
612 1911
613 665
613 722
613 768
613 808
613 1179
613 1455
613 1659
614 1372
614 1848
616 652
616 852
616 1459
617 757
617 1529
617 1757
618 1109
619 651
619 751
619 814
619 1172
619 1326
619 1576
619 1736
619 1853
620 1488
621 1411
621 1711
622 1475
623 785
624 1425
624 1605
625 1517
625 1602
625 1946
626 1292
627 644
627 794
628 1144
628 1453
628 1891
629 727
629 1077
629 1215
629 1259
629 1568
630 867
630 1138
631 676
631 928
631 970
631 1362
631 1632
631 1899
632 910
633 837
634 1622
636 772
636 1265
636 1319
637 1035
639 1908
640 781
640 1076
641 1603
641 1657
642 830
644 865
644 1090
646 858
648 1723
650 773
650 1379
651 1406
651 1942
652 1467
652 1474
652 1858
654 1269
654 1463
656 1086
656 1114
656 1150
656 1968
659 1506
659 1631
659 1933
663 706
663 1227
663 1396
663 1415
665 770
665 891
665 1146
667 769
667 1197
668 1595
669 1192
671 1695
673 799
673 1682
674 1433
675 1599
677 1236
679 829
679 908
679 1500
681 775
681 902
681 1330
681 1799
684 1261
685 822
685 1262
688 1393
690 1222
691 1199
691 1419
691 1640
691 1874
692 1686
695 829
695 1250
695 1530
697 998
698 1719
700 1993
702 788
704 1527
706 1376
706 1958
707 1889
708 1026
708 1246
708 1574
709 1368
710 862
710 1094
710 1121
710 1313
710 1763
711 1218
711 1680
715 761
715 1513
716 1104
716 1544
716 1867
717 1173
717 1209
717 1800
718 859
718 1032
720 821
720 983
720 1246
721 1786
723 1068
724 1972
727 783
727 1087
727 1437
730 1985
734 758
734 816
734 1245
734 1482
734 1629
734 1807
735 1345
736 1504
739 916
739 990
739 1412
740 1837
741 1387
743 1030
744 793
745 920
745 934
745 1291
748 904
750 861
750 1038
751 1439
751 1972
752 1671
753 857
754 998
754 1126
754 1593
754 1871
756 1364
757 960
758 783
758 815
758 1045
758 1053
758 1491
759 932
759 1139
759 1255
759 1687
764 1700
767 960
767 1254
767 1313
767 1374
767 1391
767 1574
768 1464
769 1046
774 1272
776 1462
777 1050
777 1479
778 1402
778 1802
778 1843
779 888
779 1470
780 958
780 1055
780 1290
780 1684
780 1818
783 973
784 1976
785 912
785 1299
789 1721
790 1024
790 1784
791 1450
791 1621
791 1642
793 1233
793 1316
793 1346
795 1376
795 1384
795 1731
796 994
798 1538
798 1913
800 1400
800 1707
800 1974
801 1267
801 1340
801 1380
803 1799
805 1122
805 1222
807 1467
809 1519
812 963
812 1017
812 1738
812 1748
813 1633
814 1828
814 1905
815 1826
816 864
817 1322
817 1495
818 1493
820 1183
821 1118
821 1658
825 1131
825 1141
825 1487
825 1992
826 903
826 952
826 1353
826 1939
827 1049
827 1631
828 1036
828 1260
829 1708
835 1358
836 973
838 1298
840 1106
840 1124
842 918
842 1471
843 1369
845 1672
846 982
846 1705
847 1797
848 1030
848 1873
850 933
853 1099
853 1276
853 1426
853 1703
853 1822
856 1875
858 1306
858 1397
859 1310
860 865
860 944
860 1000
861 980
861 1814
862 1105
863 1404
863 1606
864 1894
866 1555
866 1722
867 1311
869 923
869 1697
869 1813
869 1918
870 1224
872 1962
875 1343
875 1516
875 1598
876 1283
876 1646
878 1619
879 888
879 1579
879 1713
879 1961
880 1240
881 1203
882 1037
882 1180
882 1189
882 1651
883 1526
884 1416
900 1247
901 1821
902 1258
902 1484
902 1496
903 1702
904 1235
905 1545
907 957
907 1010
907 1883
908 1190
908 1620
909 1571
909 1803
910 1019
910 1365
913 1928
914 1486
914 1493
914 1562
916 1633
918 941
918 1120
923 1003
923 1194
923 1572
923 1946
925 1635
926 1579
927 1820
928 1254
928 1798
931 1331
932 1331
933 935
933 1769
934 1886
935 1001
935 1149
935 1394
935 1806
935 1888
937 1779
938 1274
943 1834
950 1342
950 1555
954 1025
954 1039
954 1196
954 1205
954 1494
954 1502
955 1151
957 1988
958 1820
959 1821
963 1669
965 1153
965 1271
966 987
966 1076
966 1136
968 1015
971 1453
972 1572
974 1147
974 1668
974 1840
976 1138
978 1208
978 1856
979 1528
980 1855
981 1724
983 1199
983 1681
984 1101
985 1306
985 1653
985 1893
986 1471
987 1943
990 1469
991 1429
992 1451
993 1443
995 1034
995 1139
997 1032
997 1134
998 1722
1000 1084
1000 1466
1000 1803
1000 1824
1002 1448
1002 1720
1004 1717
1004 1926
1010 1733
1011 1530
1011 1570
1013 1729
1014 1761
1014 1957
1015 1321
1015 1407
1015 1636
1017 1059
1017 1440
1018 1487
1022 1113
1024 1957
1025 1150
1025 1994
1026 1137
1026 1759
1028 1110
1030 1159
1031 1052
1031 1297
1031 1345
1033 1132
1034 1498
1034 1781
1035 1455
1036 1948
1037 1887
1042 1464
1043 1417
1045 1330
1048 1627
1052 1157
1056 1164
1056 1745
1059 1662
1062 1654
1062 1738
1064 1304
1064 1950
1066 1431
1067 1777
1070 1778
1072 1656
1073 1201
1074 1365
1078 1289
1078 1647
1083 1309
1085 1459
1086 1153
1090 1288
1092 1359
1092 1697
1092 1924
1095 1115
1097 1114
1098 1210
1099 1584
1105 1468
1110 1135
1110 1204
1110 1890
1110 1993
1111 1947
1111 1999
1112 1339
1112 1537
1113 1690
1114 1940
1115 1228
1115 1399
1116 1357
1117 1182
1118 1374
1118 1741
1120 1753
1126 1390
1127 1207
1127 1265
1127 1660
1129 1214
1130 1389
1131 1963
1134 1155
1134 1334
1136 1209
1136 1445
1141 1639
1141 1755
1142 1441
1144 1702
1146 1243
1146 1276
1146 1516
1147 1762
1149 1408
1155 1534
1155 1664
1156 1682
1156 1897
1160 1167
1161 1219
1166 1438
1166 1677
1166 1752
1167 1773
1170 1271
1170 1333
1177 1748
1179 1258
1179 1838
1179 1911
1180 1592
1184 1203
1189 1196
1192 1213
1193 1341
1195 1244
1196 1775
1196 1847
1199 1766
1201 1628
1201 1871
1202 1435
1202 1483
1202 1659
1203 1402
1207 1388
1210 1338
1210 1913
1211 1317
1212 1965
1212 1977
1214 1449
1215 1280
1215 1443
1215 1941
1229 1645
1229 1647
1229 1725
1230 1927
1234 1272
1234 1447
1234 1763
1236 1802
1242 1533
1242 1961
1245 1370
1249 1872
1250 1900
1252 1907
1256 1341
1256 1931
1266 1892
1267 1367
1269 1971
1270 1791
1270 1842
1271 1332
1276 1413
1279 1380
1279 1689
1281 1710
1281 1749
1289 1843
1289 1877
1292 1381
1292 1685
1293 1531
1293 1734
1298 1614
1301 1548
1301 1988
1301 1999
1303 1577
1306 1973
1308 1314
1309 1416
1311 1597
1314 1641
1316 1379
1326 1876
1328 1689
1331 1732
1335 1542
1341 1506
1345 1912
1348 1756
1350 1490
1350 1661
1351 1434
1352 1540
1354 1375
1354 1566
1356 1710
1358 1896
1359 1644
1359 1744
1363 1409
1363 1885
1367 1651
1368 1715
1370 1596
1375 1789
1376 1564
1377 1540
1377 1667
1377 1749
1378 1448
1380 1994
1382 1386
1382 1563
1384 1564
1384 1669
1388 1718
1392 1494
1394 1426
1396 1408
1397 1692
1399 1783
1403 1810
1408 1421
1409 1774
1413 1473
1420 1870
1424 1982
1428 1929
1434 1446
1434 1578
1435 1482
1435 1585
1438 1465
1442 1903
1444 1495
1445 1640
1447 1984
1450 1712
1464 1554
1464 1737
1464 1767
1464 1995
1466 1872
1469 1585
1469 1850
1473 1963
1475 1670
1479 1826
1483 1774
1486 1880
1488 1721
1496 1764
1496 1912
1501 1698
1504 1714
1505 1761
1507 1809
1509 1846
1510 1695
1511 1637
1511 1970
1513 1592
1525 1675
1530 1819
1530 1985
1536 1625
1539 1765
1539 1892
1547 1610
1548 1866
1549 1873
1551 1998
1553 1626
1553 1878
1554 1846
1555 1693
1555 1751
1558 1888
1559 1817
1562 1665
1564 1850
1570 1866
1573 1811
1582 1966
1586 1909
1592 1729
1599 1795
1603 1916
1616 1796
1616 1936
1628 1642
1634 1979
1643 1839
1647 1861
1647 1881
1649 1907
1658 1751
1696 1909
1702 1781
1709 1747
1710 1965
1715 1825
1717 1798
1720 1836
1726 1831
1737 1830
1748 1987
1755 1938
1760 1942
1794 1992
1799 1914
1809 1967
1809 1980
1816 1997
1828 1845
1828 1849
1829 1930
1833 1900
1833 1978
1840 1893
1850 1954
1851 1986
1866 1978
1870 1881
1908 1914
1913 1956
1923 1982
1936 1953
1967 1998
