500
1491
0 3
0 153
0 187
0 261
0 327
0 331
0 343
0 366
0 375
0 449
1 3
1 4
1 5
1 6
1 7
1 8
1 9
1 11
1 14
1 17
1 18
1 27
1 32
1 33
1 43
1 49
1 50
1 53
1 60
1 65
1 71
1 72
1 80
1 84
1 89
1 99
1 102
1 104
1 106
1 116
1 119
1 129
1 134
1 145
1 160
1 185
1 188
1 194
1 195
1 199
1 202
1 209
1 217
1 220
1 260
1 263
1 265
1 268
1 270
1 273
1 275
1 291
1 293
1 302
1 312
1 313
1 346
1 357
1 358
1 374
1 392
1 393
1 396
1 410
1 414
1 431
1 441
1 472
1 491
2 3
2 4
2 5
2 9
2 10
2 15
2 16
2 17
2 42
2 59
2 66
2 85
2 86
2 121
2 128
2 138
2 139
2 176
2 183
2 191
2 198
2 219
2 234
2 242
2 272
2 273
2 290
2 315
2 325
2 342
2 361
2 386
2 419
2 424
2 457
2 470
2 471
3 4
3 5
3 6
3 7
3 8
3 9
3 10
3 12
3 13
3 14
3 15
3 24
3 31
3 35
3 37
3 40
3 51
3 53
3 54
3 55
3 56
3 61
3 64
3 72
3 75
3 94
3 101
3 105
3 117
3 118
3 122
3 125
3 126
3 131
3 137
3 150
3 162
3 169
3 175
3 186
3 195
3 199
3 201
3 226
3 232
3 234
3 245
3 253
3 257
3 260
3 286
3 288
3 294
3 314
3 339
3 365
3 373
3 384
3 398
3 399
3 403
3 407
3 412
3 422
3 423
3 458
3 487
3 493
4 6
4 7
4 40
4 108
4 109
4 435
5 11
5 20
5 22
5 44
5 77
5 146
5 152
5 157
5 188
5 210
5 256
5 282
5 308
5 448
5 484
6 8
6 14
6 19
6 36
6 42
6 74
6 76
6 79
6 133
6 151
6 197
6 206
6 231
6 271
6 395
6 398
6 435
6 436
7 10
7 13
7 22
7 30
7 47
7 57
7 80
7 81
7 83
7 91
7 168
7 258
7 259
7 295
7 323
7 439
7 444
8 12
8 13
8 15
8 16
8 20
8 23
8 34
8 35
8 58
8 86
8 87
8 108
8 113
8 117
8 134
8 148
8 165
8 181
8 269
8 379
8 388
8 390
8 396
8 420
8 429
8 477
8 482
8 484
9 11
9 12
9 16
9 25
9 35
9 57
9 65
9 66
9 69
9 73
9 75
9 76
9 111
9 171
9 179
9 216
9 218
9 235
9 238
9 244
9 247
9 257
9 276
9 316
9 371
9 498
10 29
10 38
10 114
10 190
10 296
11 19
11 38
11 46
11 49
11 51
11 68
11 79
11 90
11 100
11 103
11 158
11 169
11 179
11 189
11 198
11 207
11 209
11 244
11 260
11 266
11 281
11 296
11 314
11 380
11 387
11 439
11 465
11 479
12 17
12 18
12 22
12 23
12 25
12 33
12 36
12 41
12 43
12 45
12 52
12 61
12 92
12 93
12 98
12 103
12 124
12 212
12 233
12 276
12 301
12 324
12 325
12 386
12 411
12 475
13 20
13 24
13 32
13 39
13 47
13 48
13 54
13 70
13 73
13 85
13 105
13 133
13 143
13 147
13 155
13 191
13 230
13 329
13 399
13 473
13 478
14 21
14 23
14 28
14 29
14 34
14 37
14 50
14 62
14 76
14 83
14 92
14 95
14 124
14 144
14 147
14 167
14 174
14 189
14 203
14 205
14 213
14 228
14 235
14 305
14 338
14 377
14 388
14 423
14 437
14 479
15 51
15 268
15 275
15 281
16 26
16 32
16 41
16 58
16 61
16 82
16 99
16 144
16 148
16 213
16 267
16 275
16 299
16 314
16 369
16 381
16 405
17 18
17 19
17 21
17 27
17 45
17 46
17 57
17 78
17 88
17 90
17 109
17 110
17 117
17 122
17 130
17 346
17 433
18 30
18 254
18 302
19 21
19 24
19 40
19 43
19 58
19 68
19 74
19 93
19 167
19 172
19 316
19 406
19 468
19 480
20 30
20 39
20 85
20 110
20 132
20 223
20 228
20 323
20 468
21 25
21 26
21 31
21 37
21 60
21 63
21 73
21 87
21 92
21 116
21 118
21 120
21 157
21 171
21 183
21 193
21 229
21 243
21 272
21 287
21 308
21 315
21 402
21 476
21 499
22 28
22 41
22 49
22 64
22 156
22 289
22 342
22 382
22 483
23 27
23 31
23 46
23 56
23 78
23 123
23 133
23 141
23 171
23 186
23 200
23 225
23 240
23 264
23 268
23 271
23 289
23 326
23 352
23 364
23 389
23 436
23 447
23 457
23 495
24 29
24 59
24 89
24 163
24 228
24 338
24 377
24 397
24 454
25 26
25 33
25 38
25 39
25 53
25 63
25 64
25 90
25 129
25 136
25 154
25 206
25 214
25 222
25 226
25 278
25 293
25 307
25 309
25 394
26 71
26 128
26 154
26 233
26 293
26 395
27 28
27 36
27 60
27 98
27 126
27 166
27 173
27 176
27 230
27 274
27 327
27 401
27 421
27 438
28 45
28 82
28 106
28 224
28 267
28 347
29 59
29 71
29 77
29 215
29 258
29 329
29 362
30 80
30 81
30 163
30 237
30 434
30 466
31 96
31 136
31 161
31 373
31 443
32 34
32 55
32 135
32 154
32 269
32 312
32 354
32 415
33 55
33 83
33 105
33 161
34 50
34 54
34 62
34 185
34 231
34 241
34 332
34 350
34 434
35 48
35 138
35 212
35 225
35 319
35 463
35 471
36 44
36 68
36 103
36 111
36 112
36 142
36 408
37 291
37 356
37 428
38 67
38 69
38 120
38 278
38 290
38 396
38 420
39 42
39 48
39 65
39 70
39 72
39 156
39 162
39 175
39 206
39 237
39 249
39 401
39 442
39 469
40 146
40 185
40 245
40 278
41 47
41 321
41 478
42 44
42 88
42 99
42 125
42 127
42 164
42 186
42 208
42 216
42 332
42 384
43 77
43 84
43 96
43 100
43 102
43 107
43 120
43 123
43 132
43 188
43 192
43 193
43 203
43 231
43 239
43 250
43 270
43 305
43 326
43 412
43 486
44 126
44 128
44 135
44 160
44 163
44 221
44 259
44 283
44 287
44 307
45 52
45 94
45 144
45 300
45 370
45 410
45 437
46 115
46 244
46 251
46 321
46 342
46 397
47 52
47 86
47 191
47 203
47 340
47 421
47 426
47 456
47 488
48 104
48 112
48 139
48 174
48 221
48 352
48 404
48 414
48 492
49 69
49 142
49 150
50 63
50 66
50 79
50 91
50 94
50 112
50 139
50 196
50 205
50 219
50 273
50 284
50 298
50 303
50 322
50 428
50 435
50 476
51 56
51 74
51 303
51 348
51 404
51 408
52 121
52 389
53 253
53 419
54 95
54 143
54 246
54 253
54 255
54 367
54 377
54 409
54 418
54 498
55 81
55 97
55 127
55 187
55 207
55 209
55 453
56 82
56 89
56 280
57 67
57 75
57 119
57 122
57 136
57 248
57 303
57 350
57 458
57 488
58 87
58 179
58 200
58 208
58 214
58 222
58 248
58 256
58 320
59 70
59 137
59 151
59 227
59 337
59 405
60 91
60 95
60 109
60 140
60 241
60 250
60 263
60 284
60 418
60 467
61 62
61 165
61 170
61 173
61 224
61 246
61 269
61 497
63 67
63 113
63 129
63 247
63 317
63 328
63 336
63 357
64 107
64 243
64 349
64 429
64 495
65 215
65 295
65 326
65 424
65 480
66 93
66 104
66 150
66 173
66 180
66 187
66 204
66 234
66 254
66 265
66 387
66 432
67 347
68 134
68 152
68 337
68 345
69 147
69 164
69 264
69 348
69 432
70 98
70 101
70 158
70 280
70 285
70 304
70 381
71 78
71 110
71 114
71 141
71 158
71 182
71 211
71 255
71 334
71 372
71 384
71 399
71 442
71 446
72 114
72 180
72 184
72 286
72 317
72 374
72 400
72 428
72 455
72 461
73 84
73 100
73 108
73 172
73 216
73 336
73 349
73 468
74 116
74 204
75 153
76 132
76 143
76 242
77 256
78 107
78 279
78 380
79 111
79 192
79 233
79 239
79 483
80 159
80 227
80 356
81 149
81 485
82 238
82 310
83 97
83 153
84 88
84 138
84 477
86 102
87 344
87 470
88 118
88 178
88 210
88 217
89 101
89 130
89 131
89 190
90 197
90 331
91 367
91 493
92 124
92 391
93 141
93 205
93 220
93 252
93 422
94 96
94 121
94 142
94 159
94 166
94 238
94 266
95 222
95 261
96 97
96 140
96 212
96 218
96 421
96 455
97 221
97 288
97 360
97 402
97 484
98 290
98 452
99 425
100 115
100 157
100 177
100 302
100 340
100 430
101 113
101 123
101 125
101 135
101 184
101 296
101 328
102 106
102 130
104 274
104 489
105 140
105 156
105 194
105 204
105 226
105 249
105 300
105 309
105 341
105 343
105 351
105 363
105 404
105 440
106 295
106 393
106 416
107 145
107 174
108 181
109 267
109 406
110 115
110 166
110 242
110 349
110 378
110 392
111 168
111 193
111 282
112 119
112 168
112 181
112 304
113 149
114 131
114 224
114 427
115 229
115 230
115 240
115 262
115 279
115 307
115 363
115 492
116 285
116 332
116 344
117 371
118 127
118 149
118 160
118 180
118 286
118 288
118 338
118 418
118 491
122 184
122 223
122 289
122 333
123 148
123 182
123 250
123 266
123 388
123 423
123 487
123 490
124 227
124 241
125 202
125 359
125 364
125 372
126 162
126 196
126 316
126 318
127 159
128 146
128 170
128 283
128 436
128 441
129 195
129 272
129 312
129 453
129 481
129 496
130 262
130 370
130 419
131 355
132 155
132 164
132 177
132 197
132 198
132 323
132 397
132 434
133 137
133 167
133 207
133 445
133 449
133 483
134 232
134 259
134 270
134 298
134 358
135 151
135 251
135 279
135 339
135 430
135 440
136 237
136 291
136 376
136 456
137 145
137 189
137 335
137 366
138 152
138 165
138 368
139 178
140 172
141 318
142 155
143 183
143 451
144 410
145 213
145 351
146 262
146 345
147 169
147 306
147 360
148 182
148 361
149 427
149 495
150 201
150 232
150 339
150 415
151 292
151 472
152 236
152 360
153 208
153 215
153 225
153 265
153 271
153 313
153 327
153 334
153 383
153 398
153 425
154 161
154 236
155 170
157 178
157 497
158 220
159 407
159 417
160 192
160 196
160 199
162 201
162 240
162 264
162 425
162 450
162 493
163 376
165 284
165 364
166 177
166 223
166 310
166 330
166 429
167 176
167 200
167 247
167 472
168 305
169 175
169 407
170 431
171 219
171 257
171 387
172 400
173 210
173 385
174 252
174 337
174 354
174 450
175 194
175 236
175 248
175 287
175 329
175 330
176 345
176 375
177 211
177 261
177 408
177 459
178 214
178 333
178 441
178 454
178 467
180 211
181 190
181 330
181 409
183 277
183 297
184 255
185 280
185 340
185 452
186 277
186 324
186 403
187 350
187 374
187 391
189 331
191 276
192 218
192 274
192 433
194 299
194 315
194 322
194 368
194 455
195 277
195 322
195 325
195 381
195 438
196 258
196 335
196 378
197 217
197 245
197 380
197 451
198 304
199 202
199 249
199 292
200 313
202 229
202 401
205 243
205 474
207 294
207 463
208 334
208 389
208 438
209 310
210 474
211 239
211 308
212 344
212 393
213 246
213 335
214 362
215 363
215 371
217 486
219 317
219 385
219 413
219 469
220 235
220 282
220 347
221 319
223 285
226 444
227 324
227 358
227 442
228 321
228 392
228 402
230 445
230 460
230 485
233 263
233 352
233 411
233 414
235 355
236 292
236 362
236 369
236 373
236 456
237 252
237 254
237 299
237 318
237 379
237 470
237 477
238 463
240 281
240 390
240 448
241 319
241 445
242 457
243 320
243 376
243 417
244 333
244 359
245 462
246 251
246 475
248 365
249 320
252 311
253 311
253 368
253 437
253 496
254 416
256 405
256 465
256 471
256 490
257 453
258 383
259 394
260 390
261 365
262 367
262 413
263 382
264 469
265 375
265 413
265 439
266 499
267 297
267 406
269 451
270 336
271 426
271 443
271 478
271 490
273 353
274 301
275 283
275 385
276 341
278 294
278 298
278 306
278 394
278 422
278 449
279 496
280 346
280 400
280 433
281 306
281 427
281 446
282 412
283 452
287 311
287 411
287 488
291 297
291 300
291 301
291 379
291 467
292 450
297 309
297 361
301 341
301 343
301 431
301 485
301 491
302 448
302 473
303 480
304 366
304 378
304 464
305 354
308 328
308 369
312 383
316 348
317 447
318 351
319 356
319 476
320 353
320 359
321 420
322 494
324 370
324 440
326 461
327 465
329 357
329 391
331 492
333 353
333 475
334 355
334 382
336 462
340 403
340 409
346 395
348 444
353 386
355 461
360 372
361 489
363 482
368 443
372 498
373 460
374 474
374 499
378 430
381 487
382 424
387 462
387 466
388 447
388 459
388 481
389 416
390 464
390 473
402 446
407 415
407 479
407 486
410 426
411 460
412 417
412 494
414 464
422 494
424 458
431 432
431 459
431 489
434 482
440 454
443 481
454 466
483 497
