500
1418
0 40
0 257
0 266
0 373
0 437
1 57
1 63
1 73
1 204
1 433
2 48
2 49
2 104
2 107
2 190
2 194
2 218
2 233
2 333
3 41
3 85
3 100
3 210
3 365
3 451
4 24
5 32
5 33
5 51
5 117
5 176
5 218
5 224
5 238
5 271
5 316
5 317
6 206
6 232
6 444
6 453
6 494
7 8
7 92
7 187
7 275
7 301
7 305
7 314
7 492
8 116
8 277
8 372
8 416
9 16
9 46
9 161
9 246
9 272
9 281
9 467
10 11
10 107
10 177
10 368
11 62
11 243
11 344
12 95
12 184
13 48
13 202
13 225
13 324
14 26
14 41
14 240
14 296
14 332
14 491
15 20
15 69
15 178
15 256
15 280
16 193
16 299
16 304
16 308
16 470
17 62
17 329
17 447
17 467
17 496
18 57
18 147
18 194
18 208
18 246
18 271
18 483
19 26
19 32
19 41
19 323
19 341
19 451
20 98
20 161
20 201
20 412
20 494
21 127
21 230
21 281
21 353
21 375
21 464
22 76
22 81
22 214
22 367
22 475
23 47
23 164
23 231
23 369
23 402
23 440
24 194
24 295
25 139
25 191
25 251
25 299
25 399
26 96
26 198
26 223
26 287
26 346
26 389
26 451
27 328
27 345
27 382
27 407
27 452
27 463
27 490
28 42
28 77
28 115
28 172
28 204
28 244
28 283
28 335
28 352
28 451
29 86
29 219
29 269
29 275
29 401
29 426
29 488
30 113
30 224
30 279
30 292
30 397
31 36
31 100
31 486
31 491
32 183
32 250
32 258
32 311
32 336
32 360
32 405
32 430
32 438
33 34
33 87
33 105
33 157
33 212
33 261
33 483
34 97
34 110
34 141
34 223
34 311
34 337
34 460
35 65
35 105
35 177
35 279
35 291
35 345
35 421
35 438
35 484
35 489
35 490
36 125
36 254
36 325
36 338
36 359
36 447
36 454
37 146
37 278
37 305
37 421
37 473
38 292
38 315
38 347
38 445
38 457
38 460
38 484
39 244
40 78
40 90
40 164
40 242
40 274
40 304
40 443
41 119
41 475
42 54
42 141
42 178
42 198
42 354
43 62
43 94
43 194
44 163
44 233
45 47
45 95
45 144
45 264
46 249
46 423
47 56
47 247
47 415
48 119
48 388
48 402
48 490
49 84
49 134
49 250
49 343
49 356
49 399
50 139
50 219
50 319
50 401
50 479
51 122
51 191
51 201
51 268
51 327
51 371
51 461
52 184
52 290
52 298
52 376
53 64
53 114
53 213
53 229
53 302
53 362
53 364
54 144
54 174
54 187
54 222
54 349
54 485
55 129
55 144
56 76
56 110
56 131
56 181
56 222
56 298
57 70
57 246
57 348
58 302
58 466
59 180
59 252
59 342
59 346
59 347
59 359
59 474
59 488
60 88
60 150
60 174
60 249
60 326
60 415
60 471
60 487
61 157
61 361
61 462
62 350
63 170
63 278
63 362
63 382
63 397
63 475
64 102
64 156
64 157
64 216
64 231
64 292
64 310
64 402
64 416
65 77
65 78
65 260
65 404
65 422
66 86
66 125
66 255
66 265
66 373
66 374
66 430
66 439
66 495
67 78
67 147
67 175
67 242
67 243
67 424
68 76
68 242
68 245
68 258
68 293
68 384
68 400
68 463
69 91
69 147
69 148
69 212
69 255
69 276
70 360
70 435
71 167
72 156
72 494
73 316
73 413
73 441
73 451
74 83
74 418
75 359
75 432
75 480
76 108
76 278
76 310
77 148
77 189
77 428
78 136
78 168
78 217
78 236
78 319
78 357
78 406
78 424
78 470
79 197
79 227
79 311
79 327
80 85
80 442
81 109
81 266
81 395
82 83
82 85
82 112
82 118
82 244
82 447
82 471
82 492
83 118
83 121
83 174
83 298
83 382
83 429
84 218
84 364
84 453
84 470
85 216
85 219
85 341
85 358
85 372
85 376
86 169
86 225
86 351
86 388
86 404
86 479
87 119
87 261
88 130
88 273
88 348
89 192
89 199
89 416
89 432
90 218
90 252
90 312
90 385
90 400
91 254
91 314
91 320
91 335
91 441
92 104
92 132
92 185
92 225
92 385
92 483
93 412
93 414
93 486
94 96
94 262
94 489
95 121
95 215
95 217
96 279
96 390
97 493
97 494
98 209
98 438
99 199
99 220
99 305
100 102
100 129
100 202
100 304
100 414
100 454
100 483
101 137
101 170
101 191
101 407
101 467
102 187
102 242
102 287
103 231
103 239
103 241
103 263
103 355
103 409
103 444
104 215
104 233
104 396
105 285
105 454
105 469
105 471
106 159
106 277
106 295
106 315
106 337
106 426
107 358
107 409
107 461
107 478
108 118
108 253
108 311
108 368
108 398
109 110
109 164
109 292
110 118
110 194
110 315
111 230
111 264
111 356
111 433
111 498
112 119
112 246
112 340
113 227
113 418
113 436
114 162
114 210
114 373
114 380
115 149
115 221
115 387
116 423
116 466
117 179
117 189
117 218
117 285
117 388
118 188
118 325
118 341
118 378
118 411
118 416
118 463
119 122
119 255
119 256
119 390
119 472
120 306
121 125
121 164
121 334
121 366
121 381
121 461
122 182
122 494
123 156
123 289
123 364
123 411
123 483
124 346
124 406
125 218
125 387
125 467
126 180
126 444
126 491
127 191
127 252
127 384
127 410
128 155
128 324
128 378
129 187
129 200
130 150
130 215
130 225
130 253
130 335
130 373
130 384
130 456
130 486
131 275
131 336
131 413
131 422
131 463
132 197
132 202
132 267
132 332
132 353
132 484
132 488
133 280
133 309
134 143
134 227
134 368
134 417
134 436
134 475
134 486
135 310
135 402
135 491
136 151
136 153
136 177
136 230
136 374
136 404
136 482
137 231
137 321
137 406
138 153
139 270
139 384
139 392
140 227
140 364
140 464
141 159
141 189
141 281
141 321
141 406
141 455
142 200
142 234
142 248
142 252
142 421
142 489
143 238
143 394
143 395
143 408
143 452
144 146
144 200
145 194
145 298
145 332
146 354
146 359
146 398
146 499
147 262
147 412
147 444
147 495
148 198
148 225
148 278
148 352
148 389
148 454
148 464
148 475
149 290
149 305
149 412
150 162
150 218
150 405
150 427
151 414
152 216
152 389
152 477
153 171
153 272
153 319
153 322
153 335
154 172
154 185
154 237
154 287
154 432
154 456
155 423
155 479
155 481
156 158
156 215
156 325
156 347
156 412
156 437
157 289
157 298
157 346
157 360
157 364
157 492
158 164
158 277
159 235
159 371
160 373
160 383
161 327
161 453
162 184
162 290
162 323
162 326
162 338
162 348
162 355
163 166
163 182
163 212
163 250
163 268
163 312
163 356
163 386
164 170
164 182
164 265
164 444
165 245
166 256
166 303
167 184
167 296
167 351
167 388
167 425
167 434
168 211
168 271
168 277
168 311
168 447
169 256
169 313
169 367
169 402
169 406
169 417
170 310
170 458
171 208
171 249
171 255
171 265
171 317
171 416
171 432
171 444
172 198
172 254
172 262
172 348
172 462
173 322
173 430
174 327
174 357
174 494
175 246
175 279
175 315
175 493
176 188
177 312
177 437
178 306
178 311
178 320
178 389
178 445
179 361
179 386
179 444
179 472
180 247
180 418
180 453
181 290
181 338
181 346
182 375
182 430
182 434
182 486
183 295
183 329
184 416
184 461
184 464
185 486
186 268
186 391
186 396
187 221
187 229
187 247
187 253
187 271
187 278
187 295
187 358
187 363
187 375
188 251
188 257
188 347
188 428
188 430
189 355
189 389
189 414
190 202
191 223
191 275
191 290
191 321
191 426
192 492
193 255
193 403
193 413
194 233
194 329
194 374
194 410
194 432
194 441
194 463
195 210
195 375
195 379
196 244
196 373
196 416
197 213
197 217
197 245
197 280
197 315
197 371
197 415
197 456
197 478
198 199
198 346
198 433
198 460
199 265
199 381
199 410
199 432
200 259
200 369
200 499
201 246
201 304
202 268
203 250
203 314
203 399
203 479
203 482
203 492
204 235
204 272
204 397
204 423
204 432
204 440
204 487
205 270
205 284
206 260
206 289
206 348
206 412
207 441
208 359
209 288
209 300
209 434
209 443
209 476
210 246
210 250
210 353
210 424
210 437
211 317
211 375
211 389
211 458
212 235
212 332
212 338
212 341
212 412
213 287
214 434
215 221
215 252
215 289
215 347
215 418
215 422
216 271
217 241
217 251
217 277
217 371
217 375
217 389
217 470
218 281
218 382
218 454
219 431
219 438
220 266
220 268
220 295
220 302
220 449
221 229
221 231
221 265
221 270
221 322
221 352
221 375
222 394
222 429
222 435
223 247
223 259
223 375
224 303
224 371
224 436
224 475
225 268
225 347
225 372
225 438
226 244
226 319
226 371
226 378
226 430
227 262
227 288
227 311
227 315
227 365
227 380
227 392
227 494
228 259
228 366
230 257
230 362
231 482
232 280
232 291
232 371
232 436
233 243
233 330
233 397
234 328
234 367
234 411
235 379
235 422
236 340
236 358
236 361
237 251
237 404
238 247
238 403
238 437
238 476
238 499
239 430
240 282
240 289
240 441
240 489
241 304
241 390
241 423
241 437
242 264
243 292
243 304
243 397
244 245
244 303
244 342
244 460
245 263
246 270
246 312
246 340
246 357
246 425
247 252
247 281
247 304
247 346
248 295
248 347
248 426
249 447
249 490
250 380
250 412
252 379
252 404
253 310
253 360
253 404
254 297
254 450
255 397
255 434
256 265
256 277
256 351
256 360
256 422
256 464
258 293
258 310
258 372
258 380
258 485
259 260
259 293
260 381
260 403
260 435
260 437
261 284
261 356
261 456
261 475
261 491
262 278
262 289
262 476
263 465
264 276
264 391
264 411
264 443
265 327
265 336
265 357
265 380
265 410
266 428
266 476
267 355
269 402
270 320
270 382
270 486
271 348
271 491
272 332
272 443
273 314
273 390
274 373
274 430
275 287
275 414
277 322
278 462
279 381
279 384
279 440
280 291
280 294
280 431
280 438
281 306
281 324
281 393
281 460
282 395
282 423
282 429
282 435
284 325
284 425
284 434
285 300
285 387
286 432
286 471
287 320
287 399
287 466
288 379
288 381
288 400
288 430
288 467
289 410
290 400
290 465
291 380
291 457
292 311
292 347
292 459
293 377
293 432
294 434
294 436
295 353
295 376
296 356
296 365
296 382
296 390
296 425
296 435
297 298
297 369
297 402
297 458
298 380
298 426
298 474
298 486
299 438
300 360
301 341
301 350
301 404
301 424
302 403
302 408
303 314
303 319
303 382
303 418
304 475
305 375
305 379
305 424
305 454
306 414
307 347
307 462
307 468
308 428
309 325
309 398
309 419
309 420
310 339
310 441
310 471
311 464
311 480
312 407
313 450
314 401
314 448
314 462
315 466
317 347
317 368
317 446
318 326
318 358
318 395
318 401
319 343
320 365
320 421
321 332
321 340
322 415
322 420
322 445
322 448
323 385
323 479
324 402
326 339
326 346
327 415
327 434
327 464
327 472
327 480
328 413
329 337
329 465
329 499
330 348
330 469
331 453
332 344
332 458
333 345
333 367
333 417
334 367
334 463
335 361
335 364
336 446
337 390
337 428
337 465
338 450
338 466
338 488
339 379
340 434
341 398
341 429
342 381
342 451
344 379
344 458
344 476
345 392
345 494
346 384
346 395
346 477
346 494
347 389
347 486
348 444
348 447
349 414
350 365
350 387
350 493
351 356
351 361
351 401
351 452
351 462
351 496
353 455
354 408
355 386
355 486
356 359
357 459
357 489
359 391
359 430
360 422
360 441
361 417
361 421
362 364
362 443
363 384
363 395
363 467
365 408
366 383
366 385
366 496
368 370
368 405
368 428
368 466
369 414
369 442
370 499
371 379
371 404
372 486
373 412
373 469
375 426
377 388
377 446
377 462
377 492
378 388
380 411
380 499
381 440
381 478
382 425
382 436
382 442
382 476
383 423
383 425
385 465
385 479
385 496
389 423
389 453
390 477
391 423
392 416
395 396
395 464
396 486
397 418
397 494
398 481
400 467
400 484
401 405
401 466
402 414
402 458
402 479
403 461
403 477
404 415
405 406
405 419
405 465
406 414
407 437
407 455
407 456
407 464
407 490
412 419
414 450
415 427
415 469
416 451
416 460
416 491
422 467
426 453
426 479
428 476
431 476
434 478
435 492
437 461
437 492
438 477
440 471
440 495
443 470
444 498
447 468
447 496
452 473
452 475
455 473
457 492
457 497
458 470
458 478
461 481
465 466
467 479
467 481
467 487
468 492
473 482
479 495
