2000
10083
0 330
0 358
0 618
0 797
0 1263
0 1463
0 1672
1 89
1 274
1 685
1 791
1 1064
1 1119
1 1224
1 1408
1 1970
2 104
2 151
2 335
2 883
2 913
2 935
2 1117
2 1179
2 1302
2 1455
2 1830
2 1956
2 1984
3 64
3 262
3 483
3 741
3 1050
3 1086
3 1330
3 1350
3 1641
3 1686
3 1993
4 406
4 804
4 1070
4 1785
5 101
5 270
5 302
5 652
5 727
5 1176
5 1727
6 98
6 231
6 423
6 1120
6 1134
6 1157
6 1497
6 1642
6 1794
7 39
7 66
7 258
7 446
7 745
7 1459
7 1515
7 1826
7 1949
8 165
8 412
8 631
8 907
8 1458
8 1510
8 1576
9 149
9 399
9 635
9 1550
9 1850
9 1861
10 1612
10 1696
10 1755
11 114
11 525
11 828
11 1113
11 1392
11 1664
11 1860
11 1983
12 300
12 400
12 507
12 1237
12 1320
12 1457
12 1664
13 226
13 266
13 317
13 347
13 652
13 687
13 769
13 808
13 1154
13 1356
13 1360
13 1442
13 1462
13 1546
13 1618
13 1780
13 1820
13 1822
13 1936
14 213
14 691
14 694
14 699
14 747
14 1089
14 1124
14 1511
14 1607
14 1627
15 358
15 449
15 579
15 1380
15 1414
15 1636
15 1869
16 347
16 473
16 662
16 974
16 986
16 1078
16 1226
16 1295
16 1441
16 1443
16 1464
16 1487
16 1549
16 1899
17 159
17 193
17 302
17 599
17 1682
17 1830
17 1879
18 525
18 605
18 828
18 1474
18 1568
18 1856
18 1860
18 1890
19 92
19 421
19 852
19 1066
19 1092
19 1270
19 1937
19 1942
20 65
20 131
20 209
20 345
20 369
20 633
20 1143
20 1196
20 1617
20 1781
20 1919
20 1971
21 62
21 85
21 284
21 443
21 529
21 682
21 1031
21 1302
21 1652
22 401
22 495
22 517
22 539
22 560
22 562
22 727
22 900
22 931
22 989
22 1478
22 1487
23 440
23 639
23 860
23 868
23 946
23 1163
23 1215
23 1259
23 1316
23 1660
23 1664
23 1829
23 1849
23 1971
24 103
24 157
24 334
24 450
24 504
24 554
24 1017
24 1351
24 1411
24 1771
24 1825
24 1946
25 92
25 188
25 575
25 1162
25 1182
25 1381
25 1538
25 1658
25 1677
25 1788
26 209
26 427
26 1019
26 1468
26 1569
26 1838
27 71
27 473
27 474
27 507
27 668
27 1035
27 1068
27 1074
27 1357
27 1410
27 1502
27 1567
27 1887
28 208
28 421
28 679
28 729
28 995
28 1111
28 1152
28 1260
28 1501
28 1635
28 1645
28 1855
29 163
29 518
29 787
29 861
29 1018
29 1081
29 1225
29 1261
29 1302
29 1322
29 1688
29 1744
29 1898
30 533
30 539
30 1178
30 1423
30 1541
30 1560
30 1839
30 1843
31 48
31 96
31 228
31 268
31 398
31 622
31 1035
31 1168
31 1195
31 1425
31 1568
31 1592
31 1639
31 1641
32 327
32 424
32 628
32 1434
32 1835
32 1846
33 176
33 248
33 483
33 519
33 752
33 812
33 825
33 912
33 1002
33 1113
33 1207
33 1393
33 1571
33 1740
34 122
34 741
34 911
34 1616
35 259
35 373
35 510
35 609
35 625
35 645
35 664
35 854
35 1001
35 1129
35 1203
35 1220
35 1336
35 1376
35 1501
35 1549
35 1637
35 1709
36 339
36 388
36 579
36 647
36 660
36 1345
36 1410
36 1677
36 1913
37 147
37 186
37 713
37 1051
37 1413
37 1557
37 1808
37 1868
37 1879
37 1964
38 249
38 570
38 658
38 828
38 1149
38 1282
38 1404
38 1887
39 68
39 249
39 508
39 518
39 763
39 1099
39 1267
39 1376
39 1429
39 1665
39 1925
39 1952
40 165
40 255
40 314
40 666
40 941
40 1091
40 1159
40 1180
40 1305
40 1729
40 1818
41 42
41 83
41 171
41 223
41 570
41 585
41 657
41 678
41 908
41 1193
41 1698
42 152
42 387
42 595
42 802
42 826
42 1231
43 125
43 135
43 204
43 493
43 928
43 973
43 1018
44 131
44 153
44 208
44 688
44 864
44 987
44 1021
44 1136
44 1349
44 1520
44 1770
45 285
45 554
45 555
45 609
45 614
45 1069
45 1118
45 1221
45 1249
46 93
46 468
46 558
46 640
46 805
46 978
46 1033
46 1415
46 1466
46 1614
46 1676
46 1689
46 1830
47 488
47 492
47 502
47 542
47 941
47 1493
47 1582
47 1686
47 1731
47 1782
48 424
48 667
48 977
48 1945
49 578
49 869
49 1175
49 1285
49 1345
49 1416
49 1427
49 1542
49 1707
50 102
50 114
50 436
50 923
50 1019
50 1136
50 1213
50 1597
50 1634
51 232
51 461
51 471
51 968
51 1249
51 1296
51 1584
51 1830
51 1877
52 73
52 74
52 170
52 395
52 510
52 793
52 834
52 1055
52 1162
52 1288
52 1737
53 519
53 829
53 1495
53 1941
54 176
54 371
54 499
54 608
54 771
54 790
54 863
54 1140
54 1249
54 1456
54 1718
54 1796
54 1879
54 1893
54 1910
55 324
55 399
55 518
55 686
55 763
55 1170
55 1637
55 1915
56 69
56 821
56 857
56 1011
56 1205
56 1295
56 1422
56 1475
57 154
57 280
57 346
57 355
57 708
57 754
57 829
57 873
57 1076
57 1154
57 1410
57 1469
57 1920
57 1960
58 276
58 308
58 401
58 561
58 592
58 1092
58 1374
58 1408
58 1580
59 62
59 66
59 68
59 270
59 466
59 945
59 982
59 1222
59 1375
59 1379
59 1384
59 1772
59 1842
59 1901
60 331
60 965
60 1273
60 1397
60 1823
61 213
61 284
61 836
61 1373
61 1475
61 1889
62 316
62 409
62 949
62 1129
62 1216
62 1437
62 1458
62 1584
63 171
63 536
63 613
63 1386
63 1706
64 189
64 409
64 577
64 842
64 855
64 1066
64 1170
64 1532
64 1548
64 1569
64 1638
65 186
65 233
65 279
65 481
65 703
65 1206
65 1411
65 1673
65 1723
65 1928
66 873
66 1210
66 1306
66 1790
66 1945
67 86
67 101
67 312
67 725
67 836
67 858
67 1129
68 210
68 465
68 561
68 584
68 667
68 921
68 1097
68 1117
68 1425
68 1496
68 1540
68 1689
68 1772
69 313
69 406
69 873
69 923
69 964
69 1026
69 1146
69 1171
69 1312
70 301
70 414
70 523
70 526
70 550
70 564
70 710
70 788
70 797
70 913
70 947
70 1248
70 1843
70 1847
70 1939
71 874
71 971
71 1208
71 1227
71 1989
72 146
72 266
72 612
72 751
72 897
72 1084
72 1508
72 1746
72 1932
73 110
73 212
73 228
73 681
73 807
73 863
73 883
73 986
73 1042
73 1080
73 1238
73 1254
73 1309
73 1688
73 1705
73 1813
74 120
74 216
74 349
74 370
74 478
74 795
74 1080
74 1118
74 1205
74 1448
74 1590
74 1840
75 106
75 357
75 583
75 630
75 889
75 1198
75 1681
76 370
76 433
76 648
76 680
76 843
76 867
76 896
76 1020
76 1477
76 1798
77 329
77 435
77 624
77 658
77 691
77 787
77 803
77 920
77 978
77 1020
77 1253
77 1363
77 1824
78 438
78 496
78 540
78 788
78 1221
78 1304
78 1763
79 299
79 329
79 362
79 622
79 628
79 647
79 885
79 985
79 1270
79 1382
79 1540
79 1721
80 486
80 583
80 834
80 889
80 1109
80 1687
80 1920
81 1011
81 1439
81 1458
81 1709
81 1752
81 1799
81 1813
81 1818
81 1867
81 1921
81 1922
82 647
82 687
82 832
82 1023
82 1141
82 1220
82 1315
82 1428
82 1801
83 179
83 801
83 881
83 1121
83 1672
83 1682
84 992
84 1174
84 1190
84 1232
84 1272
84 1556
84 1614
84 1900
85 115
85 359
85 1483
85 1531
85 1654
85 1751
86 601
86 969
86 976
86 1121
86 1749
87 92
87 285
87 402
87 436
87 651
87 666
87 988
87 1188
87 1198
87 1391
87 1508
88 308
88 746
88 899
88 1121
88 1141
88 1749
88 1965
89 436
89 845
89 1013
89 1066
89 1404
89 1405
89 1436
89 1467
89 1505
89 1768
90 643
90 816
90 1057
90 1231
90 1258
90 1355
91 203
91 224
91 545
91 991
91 1252
92 172
92 696
92 707
92 826
92 970
92 1033
92 1079
92 1314
92 1337
92 1741
92 1904
93 229
93 830
93 1241
93 1332
94 156
94 792
94 1357
94 1445
95 169
95 225
95 267
95 346
95 437
95 498
95 537
95 1227
95 1238
95 1315
95 1457
95 1465
95 1701
96 332
96 689
96 901
96 950
96 1079
97 135
97 537
97 813
97 987
97 1046
97 1312
97 1347
97 1348
97 1401
97 1429
97 1898
98 185
98 585
98 696
98 1101
98 1319
98 1333
98 1708
98 1743
98 1799
98 1941
99 421
99 656
99 717
99 801
99 1160
99 1370
99 1635
99 1682
99 1850
99 1995
100 220
100 804
100 887
100 1233
100 1689
100 1794
100 1828
100 1935
101 616
101 633
101 634
101 923
101 1065
101 1169
101 1414
101 1924
102 199
102 434
102 1072
102 1099
102 1142
102 1800
103 359
103 390
103 1039
103 1041
103 1198
103 1252
103 1275
103 1319
103 1411
103 1423
103 1587
103 1672
103 1688
103 1795
103 1937
104 235
104 376
104 412
104 526
104 610
104 849
104 901
104 1054
104 1478
104 1722
104 1755
104 1821
104 1900
105 402
105 458
105 517
105 569
105 702
105 831
105 887
105 1069
105 1287
105 1294
105 1357
105 1605
105 1725
106 156
106 173
106 416
106 421
106 707
106 815
106 1084
106 1121
106 1410
107 332
107 343
107 450
107 704
107 787
107 814
107 1471
107 1617
108 380
108 420
108 525
108 537
108 853
108 925
108 1159
108 1327
108 1427
108 1760
108 1901
109 461
109 1423
109 1536
109 1695
109 1783
110 180
110 342
110 770
110 1366
110 1413
110 1709
111 292
111 329
111 387
111 697
111 856
111 1108
111 1203
111 1623
112 125
112 135
112 221
112 303
112 537
112 740
112 856
112 1926
113 136
113 179
113 188
113 546
113 572
113 831
113 834
113 924
113 1085
113 1427
113 1529
113 1665
113 1703
113 1791
114 138
114 300
114 1402
114 1577
114 1636
114 1823
114 1878
114 1978
115 188
115 420
115 731
115 820
115 860
115 868
115 870
115 900
115 1087
115 1171
115 1172
115 1291
115 1538
116 233
116 269
116 405
116 483
116 797
116 1012
116 1151
116 1449
116 1550
117 1014
117 1257
117 1403
117 1449
117 1540
117 1565
117 1754
118 319
118 342
118 693
118 1342
118 1837
118 1881
119 457
119 585
119 616
119 798
119 839
119 1274
119 1358
119 1904
120 217
120 465
120 582
120 651
120 930
120 950
120 1408
120 1496
120 1836
121 551
121 822
122 361
122 1170
122 1303
122 1451
122 1567
122 1742
122 1884
123 160
123 214
123 528
123 1399
123 1601
123 1647
123 1899
124 158
124 275
124 679
124 703
124 1046
124 1234
124 1513
124 1628
124 1654
124 1813
124 1864
125 402
125 734
125 962
125 1043
125 1140
125 1649
125 1665
125 1748
125 1984
125 1993
126 529
126 561
126 787
126 866
126 1518
126 1695
127 368
127 462
127 1211
127 1262
127 1317
127 1605
128 494
128 918
128 935
128 1033
128 1114
128 1222
128 1379
128 1572
128 1636
128 1841
128 1955
129 317
129 528
129 534
129 1079
129 1211
129 1465
129 1484
129 1499
129 1653
129 1841
130 165
130 209
130 1262
130 1687
130 1771
131 141
131 514
131 601
131 605
131 633
131 880
131 992
131 1298
131 1410
131 1412
131 1790
131 1869
131 1882
131 1936
132 428
132 478
132 630
132 797
132 898
132 987
132 1015
132 1020
132 1247
132 1260
132 1510
132 1602
132 1715
132 1944
133 444
133 802
133 1047
133 1257
133 1271
133 1675
133 1828
133 1894
134 175
134 297
134 383
134 418
134 504
134 606
134 875
134 936
134 1086
134 1434
134 1478
134 1627
134 1704
134 1885
135 344
135 1369
135 1641
136 217
136 356
136 358
136 428
136 1048
136 1115
136 1175
136 1806
136 1833
137 234
137 288
137 1034
137 1169
137 1283
137 1387
137 1698
137 1718
138 363
138 442
138 816
138 831
138 897
138 1525
138 1623
138 1686
138 1805
139 376
139 448
139 530
139 620
139 830
139 844
139 871
139 1027
139 1221
139 1386
139 1575
139 1590
140 224
140 390
140 468
140 716
140 986
140 1003
140 1039
140 1211
140 1468
140 1472
140 1510
140 1540
140 1669
141 188
141 410
141 917
141 1213
141 1966
142 332
142 432
142 434
142 522
142 562
142 1060
142 1130
142 1411
142 1656
142 1912
142 1932
143 338
143 404
143 573
143 719
143 1178
143 1641
143 1659
143 1682
143 1849
143 1929
144 575
144 1055
144 1281
144 1745
144 1775
144 1834
144 1866
144 1992
145 264
145 849
145 859
145 890
145 1575
145 1682
145 1697
145 1730
145 1792
145 1847
146 338
146 400
146 452
146 676
146 844
146 1057
146 1236
146 1269
146 1575
146 1614
146 1693
146 1809
146 1915
146 1977
147 275
147 544
147 679
147 1443
147 1633
147 1695
147 1852
147 1972
148 165
148 396
148 742
148 862
148 1135
149 319
149 555
149 1321
149 1379
149 1451
149 1753
149 1818
149 1923
150 307
150 346
150 455
150 1201
150 1552
150 1641
151 427
151 776
151 1210
151 1816
151 1861
151 1887
152 270
152 420
152 1063
152 1173
152 1371
152 1512
152 1933
153 469
153 1693
153 1742
153 1943
154 171
154 433
154 547
154 551
154 605
154 760
154 857
154 1108
154 1228
154 1322
154 1621
154 1669
155 326
155 571
155 806
155 882
155 1109
155 1518
155 1684
155 1747
155 1938
155 1939
155 1969
156 269
156 275
156 559
156 607
156 774
156 780
156 978
156 1217
156 1270
156 1653
156 1752
156 1995
157 827
157 979
157 1015
157 1217
157 1272
157 1384
157 1391
157 1779
157 1808
158 254
158 294
158 310
158 895
158 1266
158 1346
158 1422
158 1979
159 454
159 643
159 682
159 1064
159 1770
159 1914
159 1937
160 840
160 951
160 1382
160 1451
160 1626
160 1983
161 274
161 462
161 1303
161 1384
161 1452
161 1784
162 285
162 541
162 577
162 630
162 780
162 839
162 1224
162 1277
162 1281
162 1284
162 1339
162 1507
162 1853
163 179
163 882
163 1330
163 1481
163 1520
163 1942
164 307
164 349
164 461
164 540
164 1294
164 1473
164 1501
164 1587
164 1763
165 629
165 803
165 1101
165 1121
165 1265
165 1937
165 1966
165 1975
166 345
166 450
166 506
166 588
166 973
166 976
166 1039
166 1108
166 1320
166 1792
167 784
167 791
167 813
167 817
167 853
167 1126
167 1399
167 1482
167 1483
167 1558
167 1624
167 1687
167 1838
168 378
168 472
168 497
168 820
168 857
168 1034
168 1149
168 1233
168 1322
168 1374
168 1595
168 1684
168 1843
168 1943
168 1957
169 204
169 454
169 746
169 998
169 1248
169 1419
169 1557
169 1752
169 1950
170 390
170 443
170 828
170 976
170 1081
170 1414
170 1706
170 1795
170 1809
170 1877
171 261
171 327
171 1049
171 1336
171 1453
171 1491
171 1540
172 246
172 469
172 747
172 829
172 848
172 1092
172 1121
172 1242
172 1253
172 1323
172 1402
172 1570
172 1821
172 1873
173 328
173 663
173 830
173 854
173 864
173 928
173 1312
173 1540
173 1694
174 215
174 224
174 246
174 388
174 427
174 668
174 1099
174 1530
174 1846
175 365
175 585
175 1054
175 1338
175 1399
175 1484
175 1534
175 1717
175 1724
175 1834
176 783
176 867
176 884
176 1128
176 1185
176 1322
176 1333
176 1452
176 1744
176 1755
177 219
177 636
177 965
177 1000
177 1319
177 1507
177 1523
177 1590
177 1700
177 1760
177 1919
178 695
178 794
178 797
178 837
178 1002
179 618
179 674
179 731
179 798
179 853
179 870
179 1765
180 183
180 335
180 343
180 356
180 384
180 430
180 570
180 587
180 885
180 1238
180 1489
180 1490
180 1568
180 1961
181 332
181 392
181 791
181 871
181 947
181 1006
181 1104
181 1289
181 1455
181 1634
181 1640
181 1696
181 1778
181 1879
182 192
182 375
182 416
182 750
182 976
182 1019
182 1255
182 1314
182 1330
182 1413
182 1564
182 1967
183 1531
183 1746
184 317
184 514
184 1459
184 1717
185 289
185 1352
185 1558
185 1625
185 1671
185 1739
185 1927
186 236
186 453
186 805
186 946
186 955
186 1176
186 1504
186 1751
186 1833
187 204
187 214
187 513
187 539
187 1166
187 1462
188 253
188 560
188 1302
188 1322
188 1755
188 1971
189 498
189 700
189 1001
189 1009
189 1251
189 1318
189 1437
189 1495
189 1872
189 1920
189 1987
190 644
190 730
190 1048
190 1796
190 1934
191 203
191 462
191 468
191 522
191 540
191 605
191 639
191 926
191 1656
191 1721
191 1794
191 1862
191 1880
192 356
192 913
192 1010
192 1220
192 1234
192 1392
192 1404
192 1474
192 1708
192 1808
193 224
193 244
193 308
193 414
193 500
193 522
193 846
193 882
193 960
193 1047
193 1532
193 1701
193 1740
193 1747
193 1787
193 1829
193 1965
194 218
194 223
194 317
194 380
194 499
194 805
194 865
194 970
194 1204
194 1768
194 1828
194 1893
194 1927
195 204
195 248
195 726
195 929
195 965
195 1341
195 1417
195 1547
195 1668
195 1722
195 1794
196 555
196 701
196 724
196 1445
196 1536
196 1619
197 599
197 810
197 828
197 839
197 1549
197 1580
197 1626
197 1641
197 1819
197 1955
198 652
198 968
198 1019
198 1702
199 374
199 429
199 456
199 680
199 1350
199 1375
199 1408
199 1460
199 1483
199 1523
199 1911
200 505
200 569
200 654
200 957
200 1191
200 1326
200 1354
200 1402
200 1571
200 1729
200 1852
201 363
201 396
201 475
201 507
201 565
201 817
201 1102
201 1394
201 1419
201 1983
201 1996
202 447
202 637
202 659
202 1070
202 1094
202 1545
202 1821
202 1867
203 306
203 342
203 368
203 1139
203 1438
203 1471
203 1660
203 1961
204 292
204 556
204 799
204 1093
204 1228
204 1550
204 1729
204 1890
204 1980
205 410
205 622
205 1201
205 1366
205 1375
205 1472
205 1541
206 253
206 617
206 622
206 663
206 728
206 1318
206 1395
206 1470
206 1651
206 1877
207 313
207 344
207 435
207 612
207 613
207 682
207 775
207 943
207 982
207 1014
207 1115
207 1131
207 1181
207 1799
208 271
208 408
208 456
208 1024
208 1243
208 1269
208 1275
208 1310
208 1573
208 1943
208 1979
209 299
209 611
209 620
209 797
209 1220
209 1243
209 1731
210 304
210 482
210 610
210 732
210 993
210 1080
210 1252
210 1288
210 1582
210 1628
210 1755
211 406
211 700
211 958
211 1005
211 1082
211 1151
211 1224
211 1277
211 1297
211 1301
211 1304
211 1440
211 1493
211 1503
211 1718
212 364
212 400
212 445
212 777
212 1280
212 1543
212 1754
212 1985
213 807
213 837
213 905
213 1361
213 1935
214 551
214 1148
214 1154
214 1329
214 1665
214 1706
214 1753
214 1797
214 1807
214 1815
214 1845
214 1937
215 710
215 783
215 1041
215 1328
215 1418
215 1435
215 1627
215 1635
215 1826
215 1901
216 235
216 426
216 570
216 646
216 1012
216 1092
216 1198
216 1514
216 1585
216 1636
216 1706
217 1224
217 1252
217 1471
217 1979
218 474
218 1360
218 1437
218 1529
218 1659
218 1673
219 231
219 333
219 665
219 709
219 715
219 813
219 842
219 1040
219 1076
219 1095
219 1405
219 1417
219 1454
219 1476
219 1514
220 1024
220 1061
220 1395
220 1423
220 1500
220 1593
220 1857
220 1861
220 1943
220 1990
221 236
221 421
221 456
221 460
221 498
221 555
221 669
221 787
221 1230
221 1489
221 1679
221 1958
222 251
222 481
222 514
222 539
222 759
222 834
222 842
222 940
222 1109
222 1130
222 1248
222 1474
222 1570
222 1572
222 1726
223 309
223 590
223 1981
223 1999
224 775
224 897
224 905
224 1164
224 1439
224 1837
225 409
225 505
225 548
225 789
225 843
225 858
225 893
225 1091
225 1380
225 1392
225 1399
226 322
226 363
226 380
226 490
226 575
226 708
226 765
226 771
226 1321
226 1384
226 1634
226 1720
226 1872
226 1910
227 432
227 725
227 740
227 787
227 802
227 865
227 997
227 1455
227 1772
228 288
228 414
228 623
228 694
228 1360
228 1839
229 310
229 320
229 632
229 925
229 1079
229 1225
229 1271
229 1273
229 1316
229 1356
229 1473
229 1546
229 1610
229 1773
230 287
230 597
230 1338
230 1354
230 1596
230 1954
231 251
231 803
231 1035
231 1157
231 1300
231 1756
231 1943
232 342
232 373
232 570
232 989
232 1037
232 1084
232 1342
232 1534
232 1612
232 1980
233 717
233 1204
233 1655
233 1747
233 1993
234 291
234 474
234 770
235 405
235 447
235 604
235 927
235 946
235 1148
235 1596
235 1670
235 1834
235 1880
235 1913
236 636
236 654
236 798
236 853
236 1254
236 1406
236 1407
236 1439
236 1518
236 1827
237 362
237 365
237 370
237 584
237 1366
237 1370
237 1378
237 1457
237 1631
237 1745
237 1819
237 1823
237 1906
238 338
238 797
238 858
238 935
238 977
238 1011
238 1013
238 1021
238 1048
238 1145
238 1150
238 1185
238 1295
238 1516
238 1544
238 1610
238 1834
239 414
239 861
239 980
239 1186
239 1193
239 1561
239 1584
239 1697
240 545
240 552
240 675
240 779
240 1018
240 1501
240 1523
240 1626
241 617
241 843
241 1083
241 1271
241 1403
241 1775
241 1934
242 354
242 526
242 602
242 822
242 874
242 1384
242 1633
242 1671
242 1738
242 1789
242 1896
242 1998
243 481
243 510
243 546
243 797
243 804
243 1369
243 1506
243 1658
243 1669
243 1717
243 1726
243 1731
243 1936
244 323
244 378
244 1116
244 1450
244 1884
245 401
245 957
245 1054
245 1285
245 1380
245 1561
245 1608
246 313
246 626
246 736
246 1134
246 1226
246 1227
246 1284
246 1759
246 1829
246 1856
246 1986
247 692
247 718
247 856
247 885
247 1220
247 1249
247 1509
247 1676
247 1775
247 1857
247 1985
248 391
248 543
248 1263
248 1370
248 1458
248 1463
248 1557
248 1714
248 1871
248 1907
249 357
249 769
249 853
249 1202
249 1226
249 1229
249 1466
249 1691
249 1711
249 1823
249 1896
250 260
250 558
250 721
250 782
250 856
250 978
250 1029
250 1095
250 1230
250 1849
250 1900
251 255
251 602
251 767
251 1081
251 1475
251 1865
252 341
252 776
252 935
252 989
252 1329
252 1490
252 1988
253 867
253 880
253 1368
253 1507
253 1599
253 1668
254 368
254 490
254 818
254 921
254 929
254 1208
254 1506
254 1693
254 1913
255 318
255 491
255 697
255 783
255 1041
255 1482
255 1674
255 1708
255 1837
255 1986
255 1997
256 887
256 1111
256 1507
256 1508
257 519
257 537
257 668
257 1092
257 1106
257 1122
257 1758
257 1794
257 1865
258 506
258 622
258 648
258 1491
259 461
259 595
259 675
259 1277
259 1313
259 1524
259 1818
259 1922
260 326
260 403
260 434
260 454
260 706
260 941
260 949
260 1068
260 1142
260 1334
260 1558
260 1814
260 1883
260 1938
260 1949
261 1531
261 1594
261 1689
261 1788
262 270
262 272
262 328
262 679
262 814
262 847
262 1074
262 1093
262 1195
262 1764
262 1847
262 1884
263 366
263 392
263 403
263 545
263 655
263 957
263 970
263 996
263 1709
263 1768
263 1904
263 1960
264 820
264 829
264 984
264 1272
264 1485
264 1990
265 358
265 359
265 616
265 667
265 1174
265 1310
265 1333
265 1950
266 436
266 753
266 1171
266 1476
266 1616
266 1692
266 1782
266 1992
267 388
267 393
267 463
267 650
267 745
267 888
267 1152
267 1574
267 1606
267 1620
267 1767
267 1879
268 482
268 664
268 793
268 826
268 881
268 1178
268 1398
268 1400
268 1450
268 1463
268 1495
268 1604
268 1731
268 1859
268 1935
269 536
269 684
269 887
269 1159
269 1183
269 1308
269 1329
269 1350
269 1556
269 1630
269 1750
269 1850
269 1922
269 1999
270 290
270 343
270 453
270 467
270 570
270 681
270 707
270 942
270 982
270 1327
270 1684
270 1886
271 431
271 506
271 580
271 761
271 836
271 1597
271 1681
271 1738
272 311
272 534
272 673
272 708
272 991
272 1076
272 1670
272 1874
272 1923
272 1977
273 466
273 1556
273 1645
274 282
274 912
274 962
274 1049
274 1078
274 1193
274 1239
274 1408
274 1662
274 1675
274 1676
274 1725
274 1849
274 1983
275 283
275 299
275 520
275 558
275 559
275 704
275 891
275 1330
275 1341
275 1513
275 1924
276 333
276 674
276 909
276 1111
276 1230
276 1291
276 1384
276 1481
276 1643
276 1693
276 1728
276 1965
277 360
277 517
277 662
277 806
277 1214
277 1945
278 369
278 468
278 602
278 692
278 1061
278 1115
278 1313
278 1339
278 1800
279 310
279 699
279 818
279 882
279 951
279 1889
279 1971
280 345
280 427
280 449
280 608
280 674
280 1494
280 1652
280 1717
281 1003
281 1219
281 1637
281 1727
281 1866
282 483
282 505
282 511
282 556
282 591
282 606
282 644
282 677
282 1226
282 1365
282 1460
282 1527
282 1545
282 1546
282 1821
282 1824
282 1828
282 1984
283 780
283 865
283 913
283 1171
283 1174
283 1213
283 1372
283 1962
284 291
284 680
284 724
284 874
284 1339
284 1414
284 1597
284 1598
284 1819
285 291
285 697
285 1098
285 1229
285 1289
285 1468
285 1762
286 343
286 424
286 973
286 1141
286 1179
286 1560
286 1762
286 1838
286 1869
286 1980
287 393
287 412
287 579
287 687
287 1141
287 1372
287 1526
287 1973
288 299
288 450
288 532
288 985
288 1332
288 1674
288 1696
288 1781
288 1839
288 1945
289 315
289 352
289 595
289 921
289 1142
289 1574
289 1826
290 886
290 1033
290 1110
290 1402
290 1542
290 1983
290 1985
291 589
291 596
291 656
291 904
291 1015
291 1035
291 1137
291 1152
291 1427
291 1760
292 345
292 470
292 487
292 641
292 738
292 767
292 862
292 1297
292 1318
292 1340
292 1419
293 907
293 987
293 1300
293 1685
293 1917
294 557
294 596
294 1048
294 1604
294 1631
294 1700
295 401
295 519
295 540
295 579
295 780
295 1047
295 1059
295 1157
295 1351
296 466
296 492
296 546
296 735
296 845
296 931
296 1169
296 1476
296 1507
296 1549
296 1643
297 1207
297 1209
297 1342
297 1549
297 1637
297 1877
298 384
298 444
298 1235
298 1475
298 1727
298 1969
299 583
299 682
299 794
299 1048
299 1135
299 1317
300 479
300 610
300 837
300 1017
300 1232
300 1602
300 1631
301 310
301 747
301 814
301 862
301 921
301 955
301 1033
301 1113
301 1150
301 1176
301 1437
301 1659
301 1681
301 1959
302 319
302 343
302 449
302 583
302 588
302 921
302 958
302 1388
302 1411
302 1445
302 1519
302 1527
302 1619
302 1699
302 1702
302 1762
302 1961
303 402
303 657
303 708
303 805
303 807
303 1043
303 1105
303 1615
303 1769
303 1839
303 1954
303 1968
304 513
304 632
304 1008
304 1291
304 1594
304 1701
304 1754
304 1838
305 505
305 921
305 1065
305 1326
305 1571
305 1631
305 1862
306 327
306 677
306 909
306 913
306 1050
306 1110
306 1378
306 1844
306 1953
306 1974
307 703
307 837
307 979
307 1097
307 1436
307 1442
307 1452
307 1569
307 1673
307 1710
307 1771
308 354
308 375
308 823
308 897
308 929
308 1079
308 1152
308 1170
308 1435
309 382
309 435
309 505
309 551
309 686
309 853
309 903
309 909
309 1158
309 1352
309 1457
309 1490
309 1603
309 1762
309 1774
309 1945
310 756
310 758
310 1260
310 1464
310 1747
310 1996
311 423
311 828
311 903
311 1026
311 1224
311 1307
311 1327
311 1397
311 1462
311 1597
311 1894
312 420
312 439
312 638
312 739
312 758
312 859
312 890
312 908
312 1050
312 1307
312 1534
312 1635
312 1805
312 1848
312 1865
313 585
313 898
313 934
313 1256
313 1830
314 325
314 396
314 996
315 696
315 970
315 1079
315 1085
315 1245
315 1496
315 1508
315 1651
315 1875
316 432
316 1521
316 1704
317 336
317 641
317 800
317 980
317 1026
317 1235
317 1238
317 1254
317 1355
317 1523
317 1568
317 1788
317 1822
317 1860
318 683
318 912
318 946
318 1129
318 1131
318 1197
318 1349
318 1650
318 1748
318 1799
318 1958
319 412
319 775
319 951
319 1116
319 1465
319 1602
319 1768
319 1926
319 1949
320 530
320 831
320 842
320 852
320 975
320 1604
320 1757
320 1967
321 732
321 1225
321 1333
321 1391
321 1655
322 357
322 402
322 536
322 791
322 1141
322 1146
322 1204
322 1214
322 1519
322 1685
322 1813
322 1858
323 459
323 521
323 672
323 784
323 838
323 961
323 1498
323 1661
323 1931
324 755
324 1842
324 1896
325 447
325 1722
326 679
326 1043
326 1197
326 1582
326 1838
327 668
327 847
327 1024
327 1725
327 1949
328 918
328 1424
328 1449
328 1471
328 1590
328 1609
328 1924
328 1980
329 375
329 544
329 705
329 824
329 878
329 974
329 1032
329 1547
329 1661
329 1799
329 1995
330 413
330 445
330 536
330 640
330 719
330 1631
330 1671
330 1908
331 394
331 451
331 730
331 920
331 1098
331 1696
331 1840
331 1905
331 1988
332 725
332 876
332 1179
332 1456
332 1477
332 1584
332 1630
332 1703
332 1973
333 462
333 762
333 922
333 1099
333 1113
333 1176
333 1260
333 1648
334 452
334 674
335 411
335 772
335 859
335 861
335 945
335 1115
335 1164
335 1644
335 1725
335 1836
336 401
336 416
336 677
336 764
336 797
336 817
336 873
336 882
336 1293
336 1343
336 1418
336 1485
336 1531
336 1791
336 1963
337 383
337 571
337 882
337 1011
337 1030
337 1647
337 1733
338 433
338 1062
338 1302
338 1408
338 1471
338 1570
338 1788
339 476
339 529
339 703
339 738
339 1123
339 1364
339 1434
339 1446
339 1752
339 1883
339 1942
340 602
340 894
340 972
340 1109
340 1592
341 839
341 1121
341 1636
341 1874
341 1939
342 419
342 485
342 676
342 838
342 1061
342 1559
342 1562
342 1896
342 1924
343 453
343 457
343 473
343 879
343 1047
343 1123
343 1151
343 1757
344 584
344 644
344 1018
344 1040
344 1158
344 1545
344 1570
344 1675
344 1783
345 402
345 403
345 624
345 673
345 728
345 782
345 812
345 1251
345 1680
346 378
346 876
346 942
346 1133
346 1693
347 1075
347 1194
347 1216
347 1234
348 823
348 910
348 964
348 988
348 1089
348 1201
348 1217
348 1286
348 1324
348 1345
348 1582
349 358
349 646
349 691
349 1643
350 471
350 1484
350 1515
350 1796
350 1850
351 553
351 648
351 685
351 709
351 1398
351 1624
351 1739
351 1877
352 382
352 500
352 580
352 626
352 724
352 1042
352 1175
352 1204
352 1206
352 1279
352 1348
353 504
353 505
353 506
353 556
353 568
353 743
353 888
353 1117
353 1162
353 1168
353 1798
353 1841
354 365
354 400
354 803
354 884
354 1315
354 1329
354 1826
355 425
355 647
355 679
355 762
355 856
355 1033
355 1118
355 1246
355 1285
355 1301
355 1482
355 1521
355 1530
356 409
356 687
356 1053
356 1211
356 1617
356 1821
356 1905
356 1924
357 413
357 493
357 658
357 785
357 1093
357 1118
357 1147
357 1246
357 1257
357 1514
358 566
358 712
358 893
358 929
358 941
358 1054
358 1471
358 1586
358 1635
358 1862
359 815
359 1525
359 1851
360 501
360 561
360 951
360 1628
360 1784
360 1922
361 946
361 1058
361 1080
361 1714
361 1746
361 1878
362 454
362 636
362 826
362 1177
362 1196
362 1251
362 1530
362 1633
362 1687
362 1739
363 800
363 885
363 938
363 1442
363 1498
364 390
364 897
364 979
364 982
364 1070
364 1088
364 1516
364 1589
364 1904
365 490
365 509
365 581
365 682
365 820
365 1112
365 1155
365 1936
365 1971
366 426
366 480
366 626
366 705
366 778
366 1323
366 1790
366 1946
367 629
367 1035
367 1306
367 1400
367 1418
367 1672
367 1847
367 1957
368 542
368 632
368 787
368 832
368 1054
368 1134
368 1142
368 1243
368 1354
368 1824
368 1883
369 740
369 831
369 1259
369 1437
369 1463
369 1808
370 460
370 487
370 605
370 717
370 765
370 796
370 953
370 1101
370 1376
370 1391
370 1813
371 432
371 915
371 1025
371 1219
371 1275
371 1365
371 1397
371 1602
371 1666
371 1727
371 1809
371 1926
372 772
372 941
372 1454
372 1614
372 1634
372 1787
373 650
373 659
373 1485
373 1513
373 1533
373 1577
373 1646
373 1719
373 1962
374 423
374 904
374 950
374 1208
374 1327
374 1629
374 1721
374 1979
375 425
375 618
375 646
375 1138
375 1139
375 1539
375 1695
375 1702
375 1837
375 1850
376 408
376 577
376 670
376 852
376 853
376 1199
376 1462
376 1484
376 1562
376 1881
377 768
377 815
377 917
377 1138
377 1315
377 1337
377 1757
377 1762
377 1769
377 1895
378 648
378 651
378 663
378 714
378 887
378 1877
378 1938
379 780
379 1180
379 1230
379 1242
379 1260
379 1429
379 1521
379 1833
380 428
380 538
380 775
380 1007
380 1033
380 1086
380 1094
380 1275
380 1312
380 1355
380 1512
380 1526
380 1651
380 1671
380 1834
381 1041
381 1177
381 1248
381 1512
381 1597
381 1705
381 1765
381 1871
381 1930
382 421
382 491
382 548
382 580
382 659
382 709
382 723
382 788
382 819
382 835
382 901
382 1175
382 1378
382 1742
382 1760
383 507
383 1152
383 1218
383 1269
383 1847
383 1974
383 1997
384 432
384 1027
384 1331
384 1523
384 1549
384 1639
384 1747
384 1822
385 688
385 1280
385 1799
385 1925
386 543
386 740
386 754
386 796
386 924
386 928
386 929
386 983
386 990
386 1360
386 1650
386 1794
386 1897
387 566
387 726
387 964
387 1083
387 1139
387 1642
387 1672
387 1716
387 1944
388 410
388 621
388 650
388 807
388 830
388 960
388 1120
388 1129
388 1187
388 1381
388 1456
388 1539
388 1694
388 1729
388 1851
388 1914
389 411
389 529
389 629
389 763
389 1427
389 1476
389 1925
390 391
390 857
390 982
390 1021
390 1471
391 756
391 853
391 1106
391 1378
391 1426
391 1691
391 1698
392 954
392 985
392 1003
392 1163
392 1243
392 1301
393 651
393 660
393 826
393 1040
393 1353
393 1386
393 1452
393 1540
393 1678
394 405
394 662
394 721
394 805
394 1186
394 1604
394 1746
395 778
395 1118
395 1131
395 1235
395 1327
395 1491
395 1492
395 1810
395 1960
396 497
396 573
396 1707
396 1724
397 500
397 803
397 835
397 841
397 899
397 1146
397 1240
397 1247
397 1454
397 1471
397 1784
398 471
398 531
398 742
398 1013
398 1098
398 1107
398 1345
398 1646
398 1719
398 1967
399 956
399 959
399 974
399 1219
399 1264
399 1299
399 1763
400 409
400 461
400 797
400 1091
400 1164
400 1307
400 1328
400 1839
401 717
401 915
401 920
401 926
401 999
401 1271
401 1347
401 1416
401 1483
401 1565
401 1628
401 1866
402 436
402 466
402 687
402 1047
402 1135
402 1290
402 1292
402 1642
402 1708
402 1759
402 1861
402 1868
402 1960
403 521
403 562
403 756
403 900
403 1128
403 1220
403 1619
403 1648
404 503
404 768
404 862
404 1167
404 1227
404 1291
404 1411
404 1529
404 1534
404 1564
405 1359
405 1381
405 1440
405 1443
405 1447
405 1606
405 1784
406 461
406 634
406 885
406 936
406 1290
406 1327
406 1911
406 1932
407 738
407 852
407 1074
407 1224
407 1254
407 1790
407 1918
408 513
408 587
408 893
408 899
408 942
408 962
408 1043
408 1167
408 1194
408 1249
408 1634
408 1948
409 1008
409 1320
409 1402
409 1450
410 417
410 436
410 506
410 538
410 616
410 1033
410 1071
410 1124
410 1644
410 1715
410 1934
411 551
411 979
411 1006
411 1167
411 1246
411 1405
411 1885
412 435
412 526
412 734
412 806
412 859
412 996
412 1022
412 1418
412 1727
412 1745
412 1900
413 697
413 786
413 798
413 939
413 1087
413 1248
413 1506
413 1732
413 1986
414 831
414 867
414 1206
414 1412
414 1449
414 1505
414 1889
415 576
415 584
415 758
415 1037
415 1165
415 1347
415 1501
415 1791
415 1860
416 428
416 1131
416 1168
416 1233
416 1961
416 1979
416 1982
417 770
417 790
417 824
417 833
417 1006
417 1290
417 1339
417 1673
417 1691
417 1706
417 1752
417 1813
418 488
418 815
418 969
418 1108
418 1772
419 445
419 663
419 722
419 1159
419 1863
419 1912
420 483
420 838
420 924
420 953
420 992
420 999
420 1150
420 1273
420 1687
420 1996
421 530
421 582
421 633
421 661
421 683
421 806
421 870
421 995
421 1134
421 1216
421 1271
421 1547
421 1682
421 1683
421 1690
421 1759
422 481
422 616
422 620
422 666
422 984
422 1074
422 1714
422 1811
422 1870
422 1982
423 559
423 668
423 977
423 1128
423 1728
423 1908
423 1952
424 624
424 650
424 734
424 860
424 905
424 922
424 1015
424 1723
425 732
425 961
425 1052
425 1089
425 1201
425 1521
425 1888
426 487
426 751
426 945
426 1374
427 463
427 685
427 721
427 726
427 998
427 1452
427 1491
427 1585
427 1719
427 1976
428 919
428 958
428 1534
429 584
429 992
429 1155
429 1601
430 619
430 803
430 949
430 1213
430 1461
430 1608
430 1836
430 1967
430 1990
431 474
431 542
431 915
431 1143
431 1270
431 1416
431 1504
431 1971
432 744
432 1306
432 1434
432 1573
432 1966
433 532
433 771
433 935
433 1436
433 1962
434 669
434 854
434 898
434 1038
434 1395
434 1487
434 1502
434 1795
434 1802
434 1951
435 546
435 666
435 1001
435 1214
435 1355
435 1642
435 1768
436 791
436 1147
436 1802
436 1897
437 922
437 933
437 1058
438 822
438 865
438 1147
438 1305
438 1310
439 559
439 581
439 880
440 542
440 758
440 1975
441 478
441 508
441 571
441 590
441 649
441 722
441 1192
441 1310
442 627
442 654
442 774
442 823
442 1242
442 1265
442 1306
442 1375
442 1497
442 1569
442 1887
443 475
443 1144
443 1318
443 1689
443 1896
443 1908
444 555
444 620
444 1361
444 1438
444 1492
444 1497
444 1912
444 1968
445 863
445 1051
445 1235
445 1479
446 795
446 907
446 912
446 986
446 1152
446 1242
446 1301
446 1387
446 1529
446 1538
446 1942
447 653
447 851
447 864
447 1393
447 1433
447 1487
447 1689
447 1752
447 1987
448 481
448 482
448 483
448 551
448 892
448 1091
448 1522
448 1909
448 1988
449 1156
449 1708
449 1949
450 462
450 593
450 735
450 1624
450 1734
450 1798
450 1807
450 1808
450 1822
450 1829
450 1890
451 548
451 549
451 643
451 721
451 1018
451 1026
451 1225
451 1339
451 1527
451 1685
451 1693
451 1842
451 1902
452 654
452 837
452 918
452 1610
452 1707
452 1784
452 1843
452 1852
452 1858
453 866
453 1032
453 1201
453 1336
453 1557
453 1628
453 1885
454 522
454 562
454 721
454 1073
454 1162
454 1289
454 1733
454 1785
454 1896
455 462
455 470
455 844
455 1108
455 1152
455 1246
455 1854
456 726
456 777
456 975
456 1089
456 1112
456 1229
456 1443
456 1678
457 1043
457 1433
457 1645
458 585
458 599
458 762
458 800
458 923
458 1186
458 1309
458 1388
458 1537
458 1687
458 1999
459 605
459 1005
459 1130
459 1132
459 1157
459 1787
459 1809
460 758
460 837
460 1053
460 1390
460 1480
460 1613
460 1729
460 1764
460 1966
461 514
461 675
461 1166
461 1841
461 1975
462 506
462 513
462 601
462 1157
462 1300
462 1352
462 1718
462 1831
462 1908
463 763
463 886
463 1083
463 1205
463 1597
463 1682
463 1785
463 1855
463 1951
464 695
464 698
464 727
464 807
464 858
464 1206
464 1530
464 1735
464 1781
464 1914
465 617
465 698
465 888
465 1267
465 1539
465 1654
465 1726
465 1743
466 492
466 579
466 607
466 841
466 1531
466 1720
466 1777
467 492
467 522
467 644
467 812
467 959
467 1255
468 1008
468 1128
468 1287
468 1383
468 1674
468 1831
468 1875
468 1943
468 1962
469 575
469 1396
469 1564
469 1678
469 1838
470 690
470 822
470 1013
470 1227
470 1584
470 1710
471 585
471 696
471 926
471 971
471 1777
471 1930
472 704
472 766
472 872
472 898
472 1058
472 1168
472 1379
472 1526
472 1703
472 1906
473 596
473 1038
473 1241
473 1346
473 1471
474 571
474 668
474 1067
474 1140
474 1915
475 516
475 1148
475 1254
475 1409
475 1506
475 1760
476 640
476 1427
476 1682
476 1833
476 1847
476 1868
477 1181
477 1248
477 1266
477 1704
477 1768
478 609
478 999
478 1493
478 1589
478 1599
478 1843
479 500
479 539
479 541
479 736
479 836
479 856
479 1019
479 1375
479 1397
479 1574
479 1817
480 845
480 1117
480 1136
480 1137
480 1393
480 1777
480 1979
481 546
481 932
481 1038
481 1112
481 1152
481 1252
481 1302
481 1406
481 1754
482 497
482 537
482 754
482 777
482 813
482 1347
482 1427
482 1478
482 1594
482 1661
483 630
483 730
483 898
483 925
483 986
483 1062
483 1224
483 1461
483 1741
483 1757
483 1845
484 516
484 852
484 951
484 1849
484 1863
485 1140
485 1166
485 1238
485 1250
485 1295
485 1736
485 1873
486 801
486 1072
486 1257
486 1310
486 1332
486 1369
486 1398
487 639
487 915
487 1159
487 1244
487 1755
488 793
488 1151
488 1204
488 1298
488 1631
488 1826
488 1829
489 505
489 701
489 1262
489 1370
489 1663
489 1741
490 601
490 969
490 1063
490 1189
491 757
491 1011
491 1131
491 1266
491 1398
491 1479
492 619
492 1008
492 1077
492 1143
492 1277
492 1571
492 1692
492 1755
493 614
493 646
493 721
493 1454
493 1846
493 1936
493 1952
493 1955
493 1981
494 985
494 1426
494 1600
494 1655
494 1708
495 685
495 842
495 929
495 1127
495 1158
495 1489
495 1586
495 1897
496 552
496 698
496 766
496 846
496 882
496 917
496 1126
496 1297
496 1385
496 1480
496 1752
496 1942
497 580
497 718
497 756
497 803
497 1304
497 1772
497 1800
498 819
498 1116
498 1363
498 1381
498 1415
498 1432
498 1733
498 1748
499 515
499 932
499 1007
500 954
500 1104
500 1348
500 1419
500 1822
500 1899
500 1935
501 932
501 1082
501 1147
501 1164
501 1244
501 1375
501 1554
501 1795
501 1806
501 1867
502 715
502 882
502 978
502 1037
502 1365
502 1997
503 513
503 807
503 1069
503 1202
503 1257
503 1418
503 1664
504 592
504 650
504 743
504 1109
504 1420
504 1518
504 1576
504 1590
504 1672
504 1702
504 1799
504 1929
505 836
505 896
505 1004
505 1155
505 1337
505 1412
505 1588
505 1741
505 1974
506 678
506 776
506 807
506 876
506 926
506 934
506 1460
506 1566
506 1605
506 1628
506 1821
506 1937
507 562
507 979
507 1095
507 1128
507 1398
507 1443
507 1536
507 1541
507 1682
507 1744
508 549
508 896
508 1046
508 1527
508 1581
508 1595
508 1669
508 1717
508 1923
509 865
509 1300
509 1435
509 1559
509 1605
509 1744
510 617
510 795
510 1248
510 1360
510 1699
510 1758
511 1136
511 1414
512 553
512 1078
512 1124
512 1159
512 1169
512 1346
512 1719
512 1953
513 1016
513 1079
513 1465
514 542
514 606
514 971
514 1088
514 1192
514 1269
514 1346
514 1597
515 533
515 608
515 724
515 906
515 1581
515 1607
515 1670
515 1896
516 522
516 617
516 626
516 713
516 794
516 895
516 1095
516 1114
516 1132
516 1137
516 1166
516 1323
516 1557
516 1769
516 1830
517 575
517 594
517 1075
517 1219
517 1448
517 1518
517 1735
517 1807
517 1894
517 1901
518 949
518 1022
518 1509
518 1767
519 868
519 1046
519 1352
519 1436
519 1808
520 533
520 910
520 1126
520 1246
520 1347
520 1478
520 1513
520 1666
520 1852
521 720
521 1578
521 1584
521 1695
522 823
522 892
522 1089
522 1244
522 1460
522 1645
522 1877
523 539
523 668
523 872
523 957
523 973
523 1119
523 1256
523 1769
523 1785
524 695
524 996
524 1239
524 1361
524 1396
524 1471
524 1594
525 553
525 554
525 762
525 1720
525 1754
526 883
526 960
526 992
526 1208
526 1210
526 1349
526 1634
526 1921
526 1930
527 559
527 1002
527 1079
527 1192
527 1671
527 1799
528 701
528 1582
528 1921
528 1979
529 623
529 738
529 1120
529 1235
529 1729
530 724
530 773
530 915
530 1070
530 1226
530 1442
530 1690
530 1718
530 1824
531 641
531 1638
531 1861
532 667
532 1105
532 1154
532 1157
532 1958
533 752
533 1265
533 1537
533 1563
533 1936
534 828
534 1018
534 1314
534 1783
534 1893
535 575
535 697
535 743
535 759
535 900
535 1011
535 1209
535 1521
535 1998
536 549
536 720
536 919
536 950
536 1044
536 1173
536 1224
536 1618
536 1996
537 639
537 795
537 1052
537 1054
537 1059
537 1206
537 1218
537 1239
537 1343
537 1578
537 1601
538 739
538 832
538 1001
538 1008
538 1009
538 1021
538 1421
538 1477
539 752
539 1787
539 1803
539 1884
539 1888
539 1930
540 606
540 1212
540 1278
540 1457
540 1500
540 1902
541 668
541 1837
542 546
542 942
542 1147
543 587
543 769
543 853
543 1016
543 1133
543 1346
543 1488
543 1823
543 1956
544 604
544 1054
544 1278
544 1280
544 1410
544 1428
544 1617
544 1645
544 1794
545 629
545 702
545 823
545 950
545 996
545 1083
545 1086
545 1234
545 1274
545 1347
545 1778
545 1842
546 627
546 1123
546 1539
546 1868
546 1940
547 611
547 635
547 989
547 1017
547 1126
547 1157
547 1164
547 1309
548 729
548 866
548 1254
548 1479
548 1495
548 1549
548 1602
548 1623
548 1662
548 1909
549 594
549 713
549 748
549 761
549 899
549 1432
549 1681
549 1934
550 763
550 967
550 991
550 1020
550 1033
550 1558
550 1697
550 1768
550 1909
551 632
551 803
551 912
551 1186
551 1241
551 1542
551 1808
551 1983
552 584
552 610
552 617
552 1129
552 1202
552 1715
552 1756
552 1980
553 554
553 922
553 954
553 1257
553 1301
553 1417
553 1426
553 1586
553 1649
553 1664
553 1672
554 705
554 1332
554 1426
554 1520
554 1525
554 1528
554 1530
554 1638
554 1830
554 1985
555 672
555 726
555 773
555 799
555 989
555 1224
555 1690
555 1920
555 1968
556 561
556 926
556 973
556 1087
556 1123
556 1140
556 1734
556 1860
557 625
557 676
557 1112
557 1669
557 1673
557 1868
557 1919
558 654
558 717
558 726
558 982
558 1137
558 1511
558 1654
559 861
559 1276
559 1522
559 1603
560 608
560 782
560 787
560 1196
560 1548
560 1618
560 1701
560 1906
561 716
561 775
561 933
561 1193
561 1325
561 1373
561 1704
561 1882
561 1972
562 825
562 983
562 1062
562 1120
562 1422
562 1660
562 1756
563 698
563 958
563 1023
563 1032
563 1192
563 1369
563 1458
563 1688
563 1954
564 1054
564 1093
564 1606
565 750
565 774
565 790
565 1705
566 756
566 1155
566 1310
566 1564
566 1835
567 725
567 886
567 1444
567 1657
568 1001
568 1009
568 1111
568 1558
568 1641
568 1734
568 1853
568 1908
568 1925
569 1111
569 1123
569 1506
569 1837
570 703
570 794
570 890
570 1136
570 1286
570 1363
570 1899
571 691
571 754
571 879
571 1111
571 1135
571 1371
571 1483
571 1735
572 675
572 977
572 1219
572 1266
572 1467
572 1604
572 1632
572 1772
573 631
573 854
573 1235
573 1536
574 794
574 1021
574 1141
574 1338
574 1339
574 1557
575 816
575 939
575 1034
575 1132
575 1301
575 1633
575 1661
575 1692
576 864
576 1059
576 1117
576 1135
576 1674
576 1948
576 1954
576 1976
577 815
577 982
577 1030
577 1102
577 1219
577 1230
577 1252
577 1509
577 1537
577 1646
577 1953
578 683
578 820
578 976
578 1245
579 587
579 1336
579 1417
579 1419
579 1513
579 1549
579 1625
580 620
580 762
580 1444
580 1480
580 1499
580 1857
581 1010
581 1328
581 1515
581 1632
582 651
582 795
582 902
582 1032
582 1047
583 821
583 890
583 899
583 931
583 1422
583 1480
583 1545
583 1585
583 1663
583 1999
584 819
584 1164
584 1165
584 1710
584 1742
584 1807
584 1905
585 1009
585 1545
585 1706
585 1793
585 1805
586 1062
586 1119
586 1136
586 1599
586 1704
586 1980
587 779
587 1118
588 811
588 1008
588 1566
588 1620
588 1644
588 1683
589 603
589 669
589 1523
590 814
590 949
590 969
590 1214
590 1436
590 1603
590 1607
590 1628
590 1673
590 1816
590 1821
591 977
591 1064
591 1076
591 1255
591 1353
591 1454
591 1671
591 1846
592 803
592 944
592 1213
592 1361
592 1612
592 1737
592 1961
593 1099
593 1665
593 1742
593 1806
594 612
594 669
594 682
594 709
594 993
594 1157
594 1422
594 1640
594 1689
594 1902
594 1911
594 1961
595 805
595 1336
595 1378
595 1510
595 1561
595 1563
595 1686
595 1747
595 1759
595 1891
596 620
596 941
596 1121
596 1426
596 1709
597 910
597 1129
597 1374
597 1488
597 1585
597 1597
597 1819
597 1867
598 850
598 915
598 1042
598 1113
598 1256
598 1504
598 1536
598 1726
598 1924
599 705
599 861
599 991
599 1134
599 1151
599 1169
599 1599
599 1873
600 653
600 1024
600 1188
600 1223
600 1723
600 1774
600 1785
600 1805
600 1834
600 1856
601 691
601 827
601 941
601 1288
601 1390
602 628
602 672
602 781
602 860
602 1315
602 1366
602 1469
602 1499
602 1830
603 994
603 1216
603 1325
603 1622
603 1630
603 1654
603 1707
603 1968
604 649
604 1151
604 1167
604 1246
604 1256
604 1309
605 746
605 1087
605 1127
605 1198
605 1505
605 1554
605 1664
605 1743
606 710
606 1449
606 1603
606 1663
606 1768
607 1122
607 1207
607 1387
607 1500
607 1778
607 1913
607 1943
607 1992
607 1998
608 877
608 897
608 1005
608 1081
608 1125
608 1213
608 1302
608 1305
609 737
609 783
609 829
609 865
609 1018
609 1124
609 1224
609 1403
609 1439
609 1544
609 1683
610 736
610 786
610 1111
610 1140
610 1153
610 1160
610 1234
610 1577
610 1640
610 1766
610 1892
610 1991
610 1997
611 659
611 1049
611 1064
611 1950
611 1982
612 948
612 1118
612 1379
612 1510
612 1514
612 1783
612 1864
612 1879
612 1968
613 659
613 666
613 1250
613 1518
613 1630
613 1960
614 777
614 891
614 899
614 929
614 1304
614 1428
614 1686
615 773
615 1115
615 1249
615 1490
615 1679
615 1850
615 1933
616 712
616 747
616 810
616 858
616 929
616 1055
616 1177
616 1425
616 1658
616 1696
616 1757
616 1866
617 1058
617 1083
617 1159
617 1177
617 1417
617 1536
617 1722
618 827
618 852
618 870
618 1199
618 1206
618 1247
618 1645
619 829
619 943
619 1054
619 1396
619 1507
619 1915
620 820
620 1002
620 1200
620 1291
620 1373
620 1484
620 1849
621 758
621 1041
621 1183
621 1326
621 1384
621 1510
621 1812
621 1845
622 673
622 1284
622 1408
622 1418
622 1531
622 1546
622 1617
622 1713
622 1839
623 701
623 737
623 780
623 822
623 928
623 1327
623 1510
623 1564
623 1927
624 684
624 737
624 860
624 889
624 966
624 996
624 1018
624 1085
624 1407
624 1534
624 1768
624 1868
625 1013
625 1173
625 1488
625 1491
625 1868
625 1937
626 697
626 1057
626 1493
626 1510
627 670
627 692
627 975
627 1132
627 1279
627 1348
627 1486
627 1560
627 1635
627 1681
627 1976
628 773
628 909
628 917
628 983
628 1056
628 1090
628 1293
628 1299
628 1324
628 1654
628 1705
628 1903
628 1941
629 1297
629 1393
629 1408
629 1516
630 688
630 845
630 1044
630 1092
630 1110
630 1201
630 1267
630 1633
630 1660
630 1671
630 1726
630 1862
630 1863
631 655
631 726
631 863
631 940
631 1322
631 1491
632 933
632 978
632 1026
632 1193
632 1502
633 697
633 819
633 1404
633 1405
633 1450
633 1906
634 980
634 1242
634 1264
634 1453
635 642
635 907
635 933
635 1156
635 1446
635 1543
635 1820
635 1853
635 1928
636 663
636 908
636 969
636 1032
636 1310
636 1930
636 1986
636 1995
637 850
637 1179
637 1237
637 1303
637 1329
637 1445
637 1452
637 1523
637 1612
637 1778
638 729
638 756
638 957
638 975
638 980
638 1174
638 1291
638 1422
638 1803
638 1858
638 1953
638 1975
639 840
639 1079
639 1211
639 1584
639 1605
639 1748
640 768
640 1051
640 1115
640 1257
640 1330
640 1583
640 1837
640 1979
641 670
641 916
641 931
641 1037
641 1241
641 1411
641 1810
641 1896
642 681
642 951
642 996
642 1305
642 1993
643 649
643 721
643 934
643 1008
643 1136
643 1225
643 1383
643 1410
643 1452
643 1552
643 1615
643 1724
644 720
644 925
644 1235
644 1389
644 1823
645 680
645 682
645 1248
645 1601
645 1655
646 705
646 1707
646 1840
646 1859
647 730
647 744
647 1370
647 1508
647 1613
647 1685
647 1914
648 817
648 1075
648 1379
648 1386
649 931
649 1183
649 1327
649 1364
649 1912
650 705
650 877
650 914
650 924
650 969
650 1028
650 1197
650 1582
650 1587
650 1674
650 1943
651 802
651 991
651 1345
651 1389
651 1512
651 1608
652 722
652 943
652 1179
652 1199
652 1410
652 1514
652 1641
652 1816
652 1851
652 1908
652 1976
653 690
653 894
653 1658
653 1815
653 1830
654 927
654 1000
654 1080
654 1138
654 1168
654 1437
654 1962
655 718
655 758
655 871
655 926
655 986
655 990
655 1134
655 1587
655 1630
655 1830
655 1908
656 682
656 904
656 1021
656 1306
657 998
657 1053
657 1432
657 1815
657 1835
657 1920
658 700
658 926
658 1168
658 1237
658 1675
658 1727
658 1745
658 1791
659 767
659 864
659 939
659 1147
659 1178
659 1362
659 1519
659 1624
659 1754
660 730
660 905
660 1098
660 1832
660 1926
660 1988
661 951
661 1128
661 1231
661 1603
661 1901
661 1929
661 1935
662 665
662 854
662 1060
662 1106
662 1161
662 1194
662 1317
662 1383
662 1922
663 947
663 1508
663 1570
663 1621
663 1819
663 1928
664 1064
664 1095
664 1096
664 1119
664 1576
664 1635
664 1763
665 967
665 981
665 1180
665 1381
665 1653
666 877
666 1006
666 1132
666 1179
666 1273
666 1685
666 1782
666 1854
667 685
667 713
667 741
667 1405
667 1443
667 1668
667 1830
667 1995
668 690
668 796
668 813
668 1383
668 1512
668 1859
668 1890
669 806
669 933
669 1065
669 1398
669 1531
669 1647
669 1973
669 1981
670 807
670 1191
670 1333
670 1469
670 1889
670 1949
671 909
671 936
671 1153
672 953
672 1088
672 1244
672 1821
673 857
673 884
673 1278
674 729
674 753
674 764
674 848
674 869
674 1342
674 1617
674 1889
675 920
675 1444
675 1521
675 1789
675 1815
676 711
676 788
676 1184
676 1767
676 1894
677 969
677 993
677 1003
677 1394
677 1429
677 1514
677 1823
678 844
678 1199
678 1380
678 1392
678 1500
679 1052
679 1248
679 1280
679 1290
679 1435
679 1654
679 1748
680 905
680 961
680 1369
680 1540
681 1114
681 1326
681 1343
682 944
682 993
682 1216
682 1387
682 1576
682 1640
682 1866
682 1991
683 996
683 1305
683 1436
683 1528
683 1895
684 746
684 812
684 878
684 895
684 1070
684 1209
684 1272
684 1505
684 1870
684 1929
685 697
685 707
685 761
685 963
685 968
685 1019
685 1473
685 1486
686 775
686 836
686 841
686 1119
686 1145
686 1161
686 1572
686 1595
686 1765
686 1955
687 1158
687 1160
687 1210
687 1323
687 1344
687 1510
687 1518
687 1977
687 1988
688 764
688 1397
688 1412
688 1656
689 864
689 916
689 1000
689 1205
689 1482
689 1653
690 735
690 781
690 1218
690 1241
690 1370
690 1474
690 1822
690 1859
690 1973
691 845
691 982
691 1234
691 1441
691 1458
691 1520
691 1663
691 1676
691 1822
692 1021
692 1078
692 1328
692 1537
692 1651
692 1821
692 1920
693 1529
693 1737
693 1900
694 756
694 1033
694 1124
694 1300
694 1418
694 1538
694 1929
694 1946
695 722
695 755
695 867
695 1173
695 1524
695 1544
695 1547
695 1682
695 1710
696 742
696 749
696 1024
696 1081
696 1176
696 1492
696 1808
697 743
697 798
697 834
697 957
697 1025
697 1351
697 1793
698 833
698 907
698 985
698 1136
698 1271
698 1401
698 1731
698 1801
699 765
699 1269
699 1296
699 1741
699 1746
700 1111
700 1385
700 1447
700 1762
701 713
701 756
701 831
701 1115
701 1190
701 1302
701 1665
701 1680
702 1080
702 1230
702 1326
702 1377
702 1807
702 1936
703 730
703 814
703 1947
704 1322
704 1480
704 1613
704 1653
705 714
705 925
705 1035
705 1284
705 1657
706 941
706 1160
706 1307
706 1444
706 1506
706 1966
707 1050
707 1283
708 919
708 1009
708 1369
708 1493
708 1516
708 1935
709 831
709 877
709 1028
709 1280
709 1302
709 1343
709 1735
709 1818
710 1077
710 1405
710 1607
710 1916
711 867
711 977
711 1365
711 1458
711 1484
711 1680
712 831
712 1266
712 1269
712 1454
712 1568
712 1782
712 1929
713 1366
713 1415
713 1612
713 1835
713 1936
713 1998
714 785
714 957
714 1093
714 1110
714 1188
714 1324
714 1435
714 1501
714 1595
714 1741
714 1770
714 1869
714 1896
715 741
715 1012
715 1056
715 1356
715 1621
715 1734
715 1838
716 957
716 966
716 1177
716 1880
716 1924
717 902
717 955
717 1326
717 1402
717 1495
717 1654
717 1788
718 757
718 1027
718 1304
718 1584
718 1605
718 1907
719 1219
719 1262
719 1321
719 1585
719 1591
719 1794
720 971
720 999
720 1445
720 1713
721 779
721 921
721 1439
721 1519
721 1549
721 1830
722 869
722 927
722 1452
722 1475
722 1686
722 1839
722 1908
722 1940
723 1405
723 1502
724 1086
724 1668
725 857
725 958
725 1351
725 1572
725 1756
725 1758
725 1823
726 771
726 966
726 970
726 1121
726 1377
726 1542
726 1569
726 1699
726 1794
726 1833
726 1940
727 731
727 887
727 902
727 1016
727 1218
727 1284
727 1518
727 1733
727 1931
727 1939
728 913
728 940
728 1126
728 1150
728 1297
728 1396
728 1447
728 1465
728 1667
728 1850
729 1050
729 1210
729 1324
729 1567
729 1592
729 1634
729 1663
729 1916
730 846
730 862
730 1232
730 1358
730 1647
730 1735
731 891
731 954
731 1016
731 1186
731 1271
731 1307
731 1757
732 838
732 898
732 986
732 1195
732 1395
732 1567
732 1620
733 766
733 823
733 828
733 926
733 1144
733 1630
733 1650
733 1811
734 855
734 966
734 1153
734 1446
734 1503
734 1756
734 1800
734 1925
735 769
735 941
735 1088
735 1364
735 1603
735 1661
735 1972
736 998
736 1132
736 1219
736 1380
736 1502
736 1511
736 1722
736 1865
736 1868
736 1881
737 1325
737 1346
737 1724
737 1779
737 1835
737 1903
738 983
738 1533
738 1562
738 1666
738 1841
739 792
739 865
739 917
739 1026
739 1058
739 1351
739 1353
739 1547
739 1595
739 1774
739 1781
740 1282
740 1378
740 1591
740 1892
741 994
741 1120
741 1627
741 1759
742 1042
742 1091
742 1354
742 1526
742 1748
742 1918
742 1947
743 1013
743 1122
743 1303
743 1361
743 1519
743 1599
743 1767
743 1779
743 1915
743 1963
744 1251
744 1516
744 1537
744 1585
744 1615
745 1144
745 1717
746 1157
746 1323
747 883
747 1041
747 1061
747 1262
747 1408
747 1410
747 1849
747 1977
748 857
748 983
748 1205
748 1253
748 1264
748 1480
748 1505
748 1510
748 1511
748 1630
748 1632
749 795
749 1078
749 1227
749 1287
749 1906
749 1948
750 1110
750 1119
750 1346
750 1617
750 1706
750 1994
751 947
751 1033
751 1119
751 1269
751 1512
751 1626
752 950
752 1155
752 1390
752 1508
752 1683
752 1898
753 937
753 1320
753 1418
753 1438
753 1507
753 1702
753 1758
753 1833
754 794
754 830
754 927
754 1024
754 1156
754 1178
754 1466
754 1538
754 1582
754 1785
754 1839
754 1934
755 846
755 1231
755 1599
755 1650
755 1820
755 1944
756 804
756 991
756 1658
757 1051
757 1148
757 1478
757 1559
757 1588
757 1781
757 1816
757 1871
758 848
758 1040
758 1098
758 1375
758 1543
758 1768
758 1954
759 855
759 901
759 1109
759 1304
759 1379
759 1399
760 1114
760 1942
761 880
761 1529
761 1710
761 1839
761 1866
762 1011
762 1240
762 1537
762 1631
762 1950
763 1004
763 1016
763 1596
763 1677
763 1742
763 1817
764 784
764 794
764 845
764 850
764 921
764 1511
764 1583
764 1896
765 943
765 1123
765 1536
765 1547
765 1589
765 1642
765 1749
765 1833
766 781
766 801
766 901
766 1105
766 1461
766 1808
767 843
767 1045
767 1241
767 1322
767 1460
767 1585
768 870
768 975
768 1015
768 1243
768 1564
768 1745
768 1760
769 1168
769 1533
769 1558
769 1743
769 1769
769 1840
770 813
770 1279
770 1736
770 1781
771 889
771 999
771 1725
771 1864
771 1896
772 821
772 872
772 955
772 1080
772 1101
772 1376
772 1453
772 1529
772 1766
772 1772
773 882
773 1360
773 1625
773 1827
773 1884
774 1077
774 1407
774 1472
774 1510
774 1958
775 887
775 1094
775 1199
775 1317
775 1391
776 823
776 825
776 1571
776 1726
777 862
777 1495
777 1578
778 890
778 958
778 1002
778 1052
778 1226
778 1232
778 1288
778 1337
778 1415
779 811
779 876
779 1458
779 1555
779 1862
780 782
780 846
780 879
780 1130
780 1300
780 1437
780 1659
780 1696
780 1712
781 923
781 965
781 1105
781 1604
781 1625
781 1642
781 1943
782 784
782 957
782 1146
782 1481
782 1593
782 1720
783 791
783 943
783 976
783 1160
783 1231
783 1249
783 1754
783 1780
784 966
785 789
785 1798
785 1829
785 1935
785 1998
786 878
786 901
786 1691
786 1775
787 853
787 1014
787 1073
787 1143
787 1268
787 1282
787 1325
787 1390
787 1661
787 1677
787 1747
788 1110
788 1173
788 1283
788 1343
788 1453
788 1542
788 1546
788 1807
789 797
789 887
789 1106
790 942
790 992
790 1015
790 1271
790 1430
790 1502
790 1511
790 1552
790 1932
791 1625
791 1676
791 1819
792 1057
792 1100
792 1175
792 1217
792 1249
792 1325
792 1405
792 1452
792 1502
792 1618
792 1627
793 841
793 869
793 1140
793 1201
793 1279
793 1315
793 1536
793 1628
793 1821
793 1879
793 1955
793 1979
794 1289
794 1361
794 1546
794 1787
794 1948
795 945
795 1024
795 1155
795 1168
795 1195
795 1368
795 1584
795 1877
795 1980
796 811
796 876
796 990
796 1144
796 1567
796 1623
796 1672
796 1972
797 1537
797 1806
798 802
798 1120
798 1194
798 1649
798 1819
798 1875
798 1964
798 1974
799 801
799 935
799 956
799 1135
799 1160
799 1268
799 1353
799 1524
799 1533
799 1628
799 1783
800 1008
800 1328
800 1412
800 1471
800 1489
800 1820
800 1864
800 1983
801 808
801 1008
801 1147
801 1378
801 1397
801 1485
801 1559
801 1833
802 861
802 956
802 1055
802 1498
802 1504
802 1540
802 1589
802 1752
802 1765
802 1786
802 1831
803 1131
803 1219
803 1297
803 1883
804 1077
804 1142
804 1264
804 1268
804 1481
804 1574
804 1608
804 1897
805 1475
805 1783
805 1907
806 1144
806 1322
806 1384
806 1421
806 1508
806 1635
806 1661
806 1830
807 818
807 1020
807 1501
807 1646
807 1787
807 1949
808 987
808 1644
808 1815
809 951
809 980
809 1279
809 1493
809 1667
809 1715
809 1893
809 1898
809 1951
810 1416
810 1466
810 1494
810 1594
810 1631
810 1660
810 1713
810 1746
810 1942
810 1992
811 926
811 1019
811 1125
811 1175
811 1187
811 1405
811 1783
811 1793
811 1937
812 864
812 885
812 896
812 1208
812 1287
812 1367
812 1489
812 1661
812 1715
812 1721
812 1775
812 1792
813 1022
813 1074
813 1170
813 1285
813 1361
813 1481
813 1536
813 1613
813 1780
813 1959
814 863
814 921
814 972
814 1338
814 1367
814 1522
814 1637
814 1736
814 1774
815 960
815 1121
815 1317
815 1358
815 1476
815 1651
815 1977
816 1139
816 1204
816 1243
816 1930
816 1947
817 1002
817 1328
817 1432
817 1694
817 1966
818 1415
818 1513
818 1682
818 1801
818 1980
819 861
819 1174
819 1788
819 1847
820 911
820 1099
820 1395
820 1491
821 1154
821 1474
821 1731
821 1925
822 852
822 884
822 918
822 936
822 1180
822 1436
822 1446
822 1469
822 1526
822 1566
822 1616
822 1693
822 1765
823 1138
823 1198
823 1274
823 1446
823 1517
823 1946
824 860
824 1311
824 1356
824 1602
824 1995
825 870
825 1022
825 1103
825 1306
825 1341
825 1495
826 857
826 935
826 1131
826 1147
826 1218
826 1364
826 1376
826 1509
826 1920
826 1929
826 1980
827 918
827 1183
827 1212
827 1408
827 1631
828 927
828 1276
828 1296
828 1430
828 1579
829 1280
829 1419
829 1816
829 1827
830 1284
830 1358
830 1462
830 1971
830 1986
831 1175
831 1400
831 1435
831 1508
831 1849
832 928
832 1572
832 1691
832 1719
832 1854
833 1375
833 1387
833 1423
834 891
834 1278
834 1558
834 1776
834 1786
834 1788
834 1926
835 1299
835 1370
835 1470
835 1511
835 1840
836 1084
836 1384
836 1845
836 1954
837 840
837 1663
837 1889
838 885
838 1113
838 1172
838 1470
838 1632
838 1683
838 1695
839 899
839 1387
839 1575
839 1839
839 1896
840 978
840 1118
840 1244
840 1353
840 1418
840 1537
840 1601
840 1604
841 1174
841 1237
841 1344
841 1401
841 1561
841 1807
842 909
842 1103
842 1689
842 1826
842 1845
842 1936
842 1945
843 870
843 1201
843 1260
843 1334
843 1522
844 879
844 1446
844 1559
844 1578
844 1620
844 1660
844 1950
845 1135
845 1300
845 1415
845 1612
845 1638
845 1662
845 1833
846 1117
846 1158
846 1222
846 1259
846 1462
846 1557
846 1647
846 1710
846 1736
847 908
847 1023
847 1124
847 1420
847 1427
848 1130
848 1264
848 1540
848 1625
848 1928
849 962
849 1443
850 879
850 1332
850 1394
850 1481
850 1482
850 1964
851 895
851 1421
851 1495
851 1536
851 1630
852 867
852 995
852 1656
852 1760
853 1038
853 1165
853 1806
854 1050
854 1834
855 1062
855 1261
855 1566
855 1709
855 1726
856 884
856 943
856 1557
856 1663
856 1951
857 1420
857 1793
857 1959
858 1638
858 1656
859 1218
859 1226
859 1470
860 1246
860 1361
860 1629
860 1776
861 989
861 1010
861 1012
861 1526
861 1826
861 1954
861 1973
862 921
862 1034
862 1048
862 1050
862 1120
862 1141
862 1417
862 1479
862 1599
862 1842
862 1875
863 1033
863 1057
863 1058
863 1063
863 1134
863 1186
863 1205
863 1755
864 969
864 1025
864 1161
864 1231
864 1257
864 1379
864 1393
864 1817
864 1848
864 1982
865 908
865 1333
865 1404
865 1518
865 1557
866 1204
866 1673
866 1917
867 971
867 1113
867 1227
867 1241
867 1256
867 1613
868 888
868 1149
868 1279
868 1321
869 912
869 1320
869 1893
869 1987
870 1014
870 1443
870 1540
870 1924
871 1134
871 1159
871 1337
871 1524
871 1747
872 902
872 1157
872 1259
872 1459
872 1672
873 899
873 1520
873 1736
873 1757
873 1792
873 1968
873 1995
874 957
874 971
874 1074
874 1730
874 1742
874 1912
874 1941
874 1968
875 907
875 930
875 1007
875 1062
875 1159
876 902
876 1095
876 1308
876 1528
876 1810
876 1920
876 1986
877 993
877 1423
877 1447
877 1605
877 1670
877 1707
877 1786
877 1823
877 1952
877 1983
878 1046
878 1059
878 1079
878 1293
878 1511
878 1586
878 1928
878 1951
879 963
879 980
879 1338
879 1615
879 1681
879 1750
879 1752
879 1913
880 886
880 1253
880 1646
880 1718
880 1857
881 1529
881 1876
882 1136
882 1236
882 1586
882 1666
882 1785
882 1794
882 1972
883 985
883 1513
883 1632
883 1763
883 1845
883 1978
884 1689
885 1154
885 1175
885 1458
885 1464
886 890
886 906
886 1083
886 1243
886 1356
886 1368
886 1624
886 1874
886 1906
886 1911
887 1202
887 1311
887 1552
887 1683
887 1718
888 919
888 931
888 1133
888 1174
888 1306
888 1362
888 1381
888 1522
888 1865
888 1894
889 906
889 1824
889 1949
890 1604
890 1843
890 1863
891 928
891 1045
891 1194
891 1261
891 1599
892 1440
892 1549
893 1091
893 1114
893 1185
893 1300
893 1328
893 1494
893 1842
893 1887
893 1957
894 1179
894 1180
894 1508
894 1572
894 1771
895 1194
895 1253
895 1602
895 1776
896 992
896 1074
896 1077
896 1083
896 1085
896 1318
896 1449
896 1942
897 1186
897 1590
897 1606
897 1669
897 1670
898 1387
898 1562
899 981
899 1397
899 1604
899 1667
899 1685
899 1746
899 1805
900 966
900 1005
900 1110
900 1187
900 1351
900 1833
901 1075
901 1127
901 1206
901 1362
901 1366
901 1433
901 1595
901 1755
902 1186
902 1393
902 1711
902 1923
903 961
903 1017
903 1042
903 1258
903 1736
903 1792
903 1870
904 1175
904 1224
904 1421
904 1440
904 1489
904 1556
904 1696
904 1923
905 914
905 1609
905 1714
905 1762
905 1920
906 919
906 950
906 982
906 1396
906 1741
906 1789
906 1838
907 1729
907 1763
907 1777
908 998
908 1032
908 1071
908 1078
908 1226
908 1256
908 1454
908 1771
908 1885
909 952
909 1282
909 1736
909 1842
909 1884
909 1916
910 985
910 1549
910 1579
910 1793
910 1870
911 1193
911 1270
911 1382
911 1434
911 1480
911 1562
912 1334
912 1615
912 1862
912 1945
913 1278
913 1482
913 1731
913 1769
913 1837
913 1968
914 1191
914 1194
914 1281
914 1332
914 1496
914 1660
914 1686
915 988
915 1011
915 1445
915 1489
916 1133
916 1271
916 1527
916 1583
916 1587
916 1765
917 1229
917 1280
917 1477
917 1513
917 1532
917 1577
917 1709
917 1875
918 979
918 1248
918 1388
918 1699
918 1997
919 1401
919 1732
919 1820
919 1923
920 1295
920 1517
920 1567
920 1575
920 1683
920 1810
920 1922
920 1985
921 1031
921 1101
921 1391
921 1592
922 942
922 1097
922 1639
922 1652
923 1008
923 1106
923 1437
923 1488
923 1691
923 1695
924 946
924 1031
924 1116
924 1294
924 1465
924 1979
925 1249
925 1494
925 1893
926 1081
926 1288
926 1335
926 1483
926 1563
926 1664
926 1826
926 1994
927 950
927 1467
927 1619
927 1654
927 1864
928 999
928 1005
928 1045
928 1688
928 1891
929 1038
929 1124
929 1243
929 1393
929 1575
930 963
930 1117
930 1299
930 1652
930 1731
931 1110
931 1212
931 1285
931 1703
931 1903
931 1961
932 989
932 998
932 1110
932 1459
932 1544
932 1950
933 938
933 1043
933 1528
933 1564
933 1648
933 1879
934 1152
935 1513
936 1192
936 1575
936 1580
936 1705
936 1746
936 1969
937 1480
937 1873
938 1110
938 1378
938 1464
938 1573
938 1650
938 1814
939 1081
939 1152
939 1385
940 941
940 949
940 997
940 1052
940 1079
940 1351
941 1085
941 1120
941 1358
941 1433
941 1789
941 1796
941 1860
942 1011
942 1052
942 1236
942 1284
942 1307
942 1699
942 1730
942 1833
942 1936
943 1055
943 1111
943 1341
943 1384
943 1628
943 1663
943 1709
944 1205
944 1229
944 1241
944 1287
944 1680
944 1774
944 1885
945 1129
945 1154
945 1337
945 1649
945 1940
946 1404
946 1686
946 1800
946 1875
947 1095
947 1141
947 1338
947 1719
948 1024
948 1290
948 1356
948 1517
948 1582
949 1017
949 1429
949 1435
949 1633
949 1684
950 1112
950 1142
950 1144
950 1216
951 972
951 1973
952 957
952 1190
952 1216
952 1766
952 1987
953 989
953 1122
953 1235
953 1730
953 1770
954 1085
954 1204
954 1214
954 1226
954 1358
954 1455
954 1752
955 1399
955 1583
955 1696
956 1051
956 1076
956 1493
956 1585
956 1635
957 1018
957 1108
957 1310
957 1474
957 1544
957 1623
958 1451
958 1465
958 1606
958 1646
958 1733
958 1953
959 1165
959 1271
959 1434
959 1964
960 1227
960 1881
961 1313
961 1544
961 1600
961 1798
961 1932
962 1026
962 1132
962 1375
962 1379
962 1390
962 1418
962 1516
962 1909
963 980
963 1076
963 1845
963 1884
963 1894
964 1078
964 1205
964 1689
964 1697
964 1773
965 1242
965 1299
965 1599
965 1830
965 1975
966 1042
966 1261
966 1365
966 1382
966 1484
966 1787
966 1804
967 1009
967 1174
967 1204
967 1477
967 1479
967 1549
967 1807
967 1953
968 1252
968 1533
968 1698
968 1829
968 1970
969 1062
969 1281
969 1957
969 1978
970 1031
970 1223
970 1248
970 1260
970 1391
970 1542
970 1984
971 1010
971 1111
971 1251
971 1308
971 1347
971 1394
972 993
972 1054
972 1325
972 1344
972 1854
973 978
973 995
973 1396
973 1952
974 1253
974 1289
974 1579
974 1723
974 1858
974 1893
975 1095
975 1135
975 1480
975 1943
976 983
976 1101
976 1171
976 1175
976 1343
976 1378
976 1462
976 1695
976 1816
976 1832
977 1273
977 1558
977 1808
978 1018
978 1071
978 1173
978 1488
978 1539
978 1798
978 1999
979 1325
979 1467
979 1526
980 1014
980 1114
980 1170
980 1236
980 1315
980 1364
980 1369
980 1557
981 989
981 1347
981 1427
981 1479
981 1504
981 1693
981 1824
981 1847
981 1880
982 1348
982 1917
983 990
983 1081
983 1173
983 1176
983 1224
983 1340
983 1889
984 1053
984 1102
984 1175
984 1300
984 1873
984 1946
985 1070
985 1282
985 1332
985 1337
985 1416
985 1804
985 1877
985 1999
986 1256
986 1288
986 1420
986 1840
987 994
987 1069
987 1145
987 1468
987 1791
988 1001
988 1180
988 1287
988 1727
988 1769
988 1901
989 1150
989 1284
989 1323
989 1336
989 1521
990 1619
990 1620
991 1529
991 1606
991 1741
992 1302
992 1501
992 1602
993 1019
993 1191
993 1774
994 1319
994 1389
994 1590
994 1725
994 1760
994 1981
995 1043
995 1096
995 1181
995 1850
996 1145
996 1754
996 1767
996 1995
997 1002
997 1095
997 1273
997 1299
997 1354
997 1453
997 1543
997 1725
998 1187
998 1264
998 1486
998 1591
998 1655
998 1723
998 1972
999 1488
999 1714
999 1821
999 1849
999 1927
1000 1071
1000 1147
1000 1169
1000 1561
1000 1820
1000 1933
1001 1109
1001 1237
1001 1362
1001 1550
1001 1556
1001 1750
1003 1080
1003 1127
1003 1442
1003 1688
1003 1833
1003 1873
1003 1881
1003 1884
1003 1964
1004 1013
1004 1452
1004 1511
1004 1615
1005 1039
1005 1368
1005 1519
1005 1588
1006 1048
1006 1110
1006 1308
1006 1448
1006 1819
1007 1588
1007 1882
1007 1888
1008 1142
1009 1180
1009 1219
1009 1365
1009 1375
1009 1384
1009 1879
1009 1895
1010 1459
1010 1485
1010 1617
1010 1791
1010 1918
1011 1093
1011 1099
1011 1250
1012 1049
1012 1069
1012 1113
1012 1230
1012 1286
1012 1325
1012 1552
1012 1671
1012 1840
1013 1279
1013 1384
1013 1458
1013 1482
1013 1510
1013 1630
1013 1651
1013 1804
1013 1821
1013 1998
1014 1568
1014 1722
1015 1845
1015 1848
1015 1904
1015 1955
1016 1259
1016 1322
1016 1547
1016 1707
1016 1907
1016 1942
1016 1946
1016 1953
1016 1968
1017 1370
1017 1503
1017 1565
1017 1612
1018 1039
1018 1149
1018 1217
1018 1621
1018 1785
1019 1093
1019 1453
1019 1786
1019 1858
1020 1200
1020 1319
1020 1331
1020 1484
1020 1648
1021 1437
1021 1575
1021 1600
1021 1960
1021 1981
1022 1043
1022 1052
1022 1740
1022 1909
1023 1155
1023 1296
1023 1773
1023 1938
1024 1157
1024 1183
1024 1201
1024 1929
1024 1956
1025 1135
1025 1137
1025 1206
1025 1565
1025 1727
1025 1838
1025 1839
1025 1976
1026 1054
1026 1185
1026 1400
1026 1520
1026 1639
1026 1859
1026 1872
1027 1172
1027 1230
1027 1256
1027 1257
1027 1288
1027 1323
1027 1669
1028 1360
1028 1381
1028 1399
1028 1645
1028 1754
1028 1944
1028 1948
1029 1183
1029 1528
1029 1627
1030 1206
1030 1401
1030 1508
1030 1509
1030 1535
1030 1752
1030 1965
1031 1716
1032 1251
1032 1549
1033 1082
1033 1175
1033 1314
1033 1590
1033 1808
1033 1841
1034 1214
1034 1458
1034 1556
1034 1928
1035 1413
1035 1485
1035 1520
1035 1581
1035 1598
1035 1603
1035 1625
1035 1685
1035 1880
1035 1937
1036 1053
1036 1217
1036 1227
1036 1354
1036 1410
1036 1461
1036 1768
1036 1826
1036 1974
1037 1354
1037 1451
1037 1670
1037 1793
1037 1802
1037 1853
1037 1964
1038 1054
1038 1147
1038 1268
1038 1269
1038 1306
1038 1313
1038 1433
1038 1862
1039 1356
1039 1440
1039 1506
1039 1630
1039 1703
1039 1914
1040 1198
1040 1206
1040 1261
1040 1430
1040 1471
1040 1668
1040 1681
1041 1334
1041 1399
1041 1500
1041 1732
1041 1736
1041 1894
1041 1918
1041 1933
1041 1975
1042 1078
1042 1103
1042 1255
1042 1380
1042 1595
1042 1857
1043 1426
1043 1499
1043 1526
1043 1855
1043 1888
1044 1053
1044 1582
1044 1644
1044 1803
1044 1875
1044 1964
1045 1077
1045 1677
1045 1840
1045 1921
1046 1108
1046 1575
1046 1688
1046 1834
1047 1539
1047 1948
1047 1952
1047 1973
1048 1087
1048 1205
1048 1422
1048 1774
1049 1249
1049 1335
1049 1382
1049 1652
1049 1696
1049 1714
1050 1198
1050 1247
1050 1388
1050 1425
1050 1915
1051 1143
1051 1344
1051 1794
1052 1183
1052 1359
1052 1387
1052 1561
1052 1926
1053 1073
1053 1313
1054 1292
1054 1491
1054 1765
1054 1817
1055 1314
1055 1473
1055 1790
1055 1842
1056 1211
1056 1414
1056 1577
1056 1846
1056 1920
1057 1595
1057 1605
1057 1709
1058 1118
1058 1669
1058 1711
1058 1748
1058 1772
1058 1809
1059 1096
1059 1275
1059 1860
1060 1252
1060 1331
1060 1392
1060 1550
1060 1633
1060 1843
1060 1883
1061 1117
1061 1245
1061 1446
1061 1450
1061 1747
1062 1311
1062 1543
1062 1739
1062 1860
1062 1957
1063 1827
1063 1830
1063 1857
1063 1994
1064 1887
1065 1283
1065 1589
1065 1597
1065 1606
1066 1253
1066 1516
1066 1720
1067 1969
1067 1995
1068 1500
1068 1509
1068 1620
1068 1735
1068 1749
1068 1766
1068 1806
1068 1914
1068 1990
1069 1166
1069 1937
1070 1239
1070 1324
1071 1373
1071 1377
1071 1551
1071 1701
1071 1854
1071 1888
1072 1195
1072 1309
1072 1715
1073 1095
1073 1809
1073 1904
1074 1130
1074 1184
1074 1684
1075 1684
1075 1746
1077 1127
1077 1502
1078 1605
1078 1734
1079 1293
1079 1360
1079 1540
1079 1550
1079 1793
1079 1890
1079 1977
1079 1996
1080 1196
1080 1284
1080 1575
1080 1592
1080 1764
1080 1870
1080 1887
1080 1930
1081 1154
1081 1616
1081 1880
1081 1960
1082 1155
1082 1266
1082 1361
1083 1577
1083 1674
1083 1687
1083 1848
1084 1156
1084 1291
1084 1572
1084 1578
1084 1581
1084 1691
1084 1813
1084 1989
1085 1196
1085 1197
1085 1245
1085 1271
1085 1782
1085 1841
1085 1858
1086 1111
1086 1821
1087 1174
1087 1544
1087 1595
1087 1634
1087 1808
1087 1818
1088 1521
1089 1265
1089 1403
1089 1522
1089 1648
1089 1795
1089 1823
1089 1888
1090 1124
1090 1189
1090 1415
1090 1519
1090 1534
1090 1670
1090 1916
1091 1741
1091 1945
1092 1223
1092 1363
1092 1389
1092 1699
1093 1223
1093 1334
1093 1409
1093 1455
1093 1760
1093 1873
1093 1982
1094 1231
1094 1345
1094 1489
1094 1618
1094 1726
1094 1728
1094 1840
1095 1097
1095 1247
1095 1292
1095 1309
1095 1694
1096 1251
1096 1413
1096 1528
1096 1606
1096 1768
1096 1990
1097 1371
1097 1585
1097 1679
1098 1214
1098 1330
1098 1362
1098 1425
1098 1445
1098 1709
1099 1408
1100 1128
1100 1183
1100 1221
1100 1400
1100 1580
1100 1591
1101 1528
1102 1256
1102 1585
1102 1642
1102 1786
1102 1831
1102 1989
1103 1149
1103 1217
1103 1696
1103 1876
1103 1972
1104 1558
1104 1849
1104 1864
1104 1919
1105 1108
1105 1200
1105 1277
1105 1519
1106 1125
1106 1217
1106 1475
1106 1645
1106 1918
1107 1373
1107 1437
1107 1514
1107 1576
1107 1640
1107 1655
1108 1324
1108 1561
1108 1679
1108 1815
1109 1381
1109 1394
1109 1452
1109 1612
1109 1814
1109 1866
1110 1372
1110 1881
1111 1169
1111 1489
1111 1512
1111 1987
1112 1508
1112 1539
1112 1705
1112 1708
1113 1159
1113 1418
1113 1505
1113 1584
1113 1846
1114 1264
1115 1240
1115 1320
1115 1356
1115 1447
1115 1727
1116 1153
1116 1365
1116 1532
1116 1644
1116 1646
1116 1796
1116 1859
1116 1975
1117 1131
1117 1206
1117 1365
1117 1649
1117 1651
1117 1707
1117 1836
1117 1938
1118 1203
1118 1320
1118 1330
1118 1471
1118 1908
1118 1940
1118 1988
1119 1171
1119 1203
1119 1409
1120 1209
1120 1329
1120 1420
1120 1523
1121 1545
1121 1682
1121 1785
1121 1977
1122 1148
1122 1256
1122 1282
1122 1511
1122 1583
1122 1909
1123 1343
1123 1688
1123 1850
1123 1984
1124 1255
1124 1546
1124 1570
1124 1571
1124 1792
1124 1800
1124 1819
1125 1660
1126 1500
1126 1741
1126 1810
1126 1901
1126 1910
1127 1332
1127 1336
1127 1816
1127 1825
1127 1969
1128 1286
1128 1334
1128 1784
1128 1890
1128 1972
1129 1340
1129 1797
1130 1160
1130 1442
1131 1428
1131 1568
1131 1659
1131 1827
1132 1399
1133 1447
1133 1509
1134 1239
1134 1280
1134 1305
1134 1566
1134 1731
1134 1737
1134 1927
1134 1960
1135 1174
1135 1219
1135 1304
1135 1443
1135 1822
1135 1876
1135 1942
1136 1170
1136 1178
1136 1299
1136 1309
1136 1770
1136 1860
1136 1951
1137 1238
1137 1788
1137 1930
1138 1241
1138 1284
1138 1726
1138 1786
1138 1870
1139 1815
1139 1837
1139 1875
1139 1966
1141 1756
1141 1879
1141 1950
1142 1265
1142 1344
1142 1702
1142 1891
1142 1968
1143 1216
1143 1223
1143 1327
1143 1346
1143 1498
1143 1664
1143 1918
1143 1949
1144 1453
1144 1579
1145 1163
1145 1229
1145 1889
1145 1934
1146 1492
1146 1822
1146 1947
1147 1299
1147 1322
1147 1411
1147 1491
1147 1740
1147 1786
1147 1789
1147 1998
1148 1305
1148 1418
1148 1498
1149 1191
1149 1468
1149 1575
1149 1631
1149 1786
1149 1791
1150 1240
1150 1301
1150 1381
1150 1656
1150 1949
1151 1842
1151 1975
1152 1159
1152 1216
1152 1331
1152 1373
1152 1499
1152 1653
1152 1732
1152 1809
1153 1933
1154 1286
1154 1551
1154 1817
1154 1918
1155 1337
1155 1420
1155 1779
1155 1884
1156 1213
1156 1532
1156 1797
1157 1348
1157 1479
1157 1532
1157 1542
1158 1370
1158 1546
1159 1570
1160 1236
1160 1542
1160 1616
1160 1632
1161 1426
1161 1446
1161 1543
1161 1706
1161 1742
1161 1908
1162 1289
1162 1293
1163 1679
1163 1726
1164 1478
1164 1783
1164 1836
1165 1404
1165 1687
1165 1743
1165 1776
1165 1922
1166 1324
1166 1898
1167 1252
1167 1557
1167 1626
1167 1969
1168 1293
1168 1303
1168 1427
1168 1596
1168 1736
1168 1916
1169 1367
1169 1393
1169 1683
1169 1891
1170 1666
1171 1199
1171 1219
1171 1274
1172 1280
1172 1396
1172 1401
1172 1462
1172 1587
1172 1602
1172 1630
1173 1278
1174 1283
1174 1653
1174 1756
1175 1242
1175 1444
1175 1599
1175 1852
1176 1242
1176 1362
1176 1934
1177 1365
1177 1719
1177 1918
1177 1948
1178 1523
1178 1526
1178 1816
1178 1848
1179 1235
1179 1538
1179 1663
1179 1797
1179 1825
1180 1812
1180 1953
1181 1316
1181 1669
1181 1683
1181 1734
1181 1800
1181 1952
1182 1435
1182 1591
1182 1932
1183 1407
1183 1614
1183 1624
1183 1682
1183 1710
1183 1936
1184 1459
1184 1840
1184 1856
1185 1759
1185 1950
1185 1985
1185 1997
1186 1279
1186 1414
1186 1436
1187 1435
1187 1726
1188 1877
1189 1614
1189 1618
1189 1632
1189 1641
1189 1751
1189 1768
1189 1865
1189 1959
1190 1247
1190 1364
1190 1569
1190 1584
1190 1621
1190 1876
1190 1967
1191 1214
1191 1439
1191 1864
1192 1528
1192 1785
1192 1897
1192 1984
1193 1300
1193 1403
1193 1407
1193 1586
1193 1699
1193 1762
1193 1932
1194 1205
1194 1556
1195 1460
1195 1591
1195 1872
1196 1307
1196 1904
1197 1205
1197 1693
1197 1875
1198 1304
1198 1461
1198 1483
1198 1615
1198 1660
1198 1681
1199 1212
1199 1319
1199 1340
1200 1368
1200 1380
1200 1427
1200 1446
1200 1735
1200 1786
1201 1267
1201 1474
1201 1788
1201 1793
1201 1794
1201 1978
1201 1985
1202 1388
1202 1406
1202 1493
1202 1531
1202 1756
1202 1898
1203 1240
1203 1322
1203 1647
1203 1692
1204 1345
1204 1608
1204 1991
1205 1457
1205 1533
1205 1665
1205 1698
1206 1224
1206 1382
1206 1459
1206 1585
1206 1727
1206 1920
1206 1923
1207 1318
1207 1611
1208 1343
1208 1434
1208 1577
1208 1618
1208 1811
1208 1827
1208 1884
1208 1970
1209 1314
1209 1372
1209 1650
1209 1702
1209 1812
1210 1291
1210 1631
1210 1994
1211 1267
1211 1461
1211 1970
1212 1743
1212 1771
1212 1781
1213 1438
1213 1461
1213 1535
1213 1577
1213 1799
1214 1548
1214 1953
1215 1495
1216 1495
1216 1824
1217 1247
1217 1289
1217 1422
1217 1548
1217 1554
1217 1621
1217 1816
1218 1272
1218 1480
1218 1658
1218 1897
1219 1494
1219 1670
1219 1790
1219 1852
1220 1612
1220 1811
1220 1941
1221 1495
1221 1683
1221 1692
1222 1362
1222 1520
1222 1751
1222 1852
1223 1267
1223 1306
1223 1689
1223 1806
1224 1440
1224 1715
1224 1810
1224 1947
1225 1545
1225 1674
1226 1352
1226 1895
1226 1922
1226 1953
1227 1476
1228 1367
1228 1422
1228 1483
1229 1381
1230 1231
1230 1247
1230 1303
1230 1443
1230 1521
1230 1730
1230 1921
1231 1660
1231 1789
1231 1894
1232 1431
1232 1552
1233 1534
1233 1549
1233 1942
1234 1549
1235 1237
1235 1262
1235 1510
1235 1518
1235 1547
1235 1597
1235 1729
1235 1954
1236 1413
1236 1423
1236 1815
1236 1832
1236 1985
1237 1286
1237 1303
1237 1607
1238 1379
1238 1499
1238 1681
1238 1925
1238 1993
1239 1363
1239 1532
1239 1576
1239 1915
1239 1944
1240 1709
1240 1741
1241 1649
1241 1686
1241 1716
1242 1390
1243 1332
1243 1337
1243 1472
1243 1580
1243 1645
1244 1591
1244 1595
1244 1659
1245 1274
1245 1291
1245 1671
1246 1279
1246 1396
1246 1504
1246 1919
1247 1484
1247 1647
1247 1690
1247 1988
1248 1295
1248 1576
1249 1650
1249 1662
1249 1713
1249 1766
1249 1843
1249 1978
1250 1323
1250 1853
1250 1960
1251 1934
1252 1351
1252 1547
1252 1614
1252 1907
1253 1283
1253 1293
1253 1498
1253 1892
1253 1899
1254 1963
1255 1505
1255 1589
1255 1714
1255 1798
1255 1922
1256 1527
1256 1933
1257 1370
1257 1518
1257 1548
1257 1896
1257 1990
1258 1383
1259 1269
1259 1573
1260 1361
1260 1418
1260 1479
1260 1674
1261 1386
1261 1599
1261 1608
1261 1906
1262 1443
1262 1472
1262 1680
1262 1847
1262 1914
1263 1293
1263 1320
1263 1535
1263 1714
1263 1987
1264 1812
1264 1957
1264 1984
1264 1991
1265 1307
1265 1385
1265 1635
1265 1700
1265 1845
1266 1333
1266 1610
1266 1904
1266 1971
1267 1321
1267 1498
1267 1540
1267 1639
1267 1732
1267 1755
1267 1764
1268 1711
1268 1842
1268 1858
1269 1317
1269 1543
1269 1629
1269 1846
1270 1372
1270 1420
1270 1627
1270 1645
1270 1927
1271 1359
1271 1534
1271 1619
1271 1770
1271 1936
1271 1955
1272 1524
1272 1700
1272 1799
1273 1375
1273 1409
1273 1824
1273 1897
1274 1315
1274 1724
1275 1315
1275 1329
1275 1378
1275 1403
1275 1912
1276 1386
1276 1498
1276 1500
1276 1504
1276 1892
1276 1966
1276 1984
1277 1667
1277 1678
1277 1802
1277 1883
1278 1317
1278 1446
1278 1507
1278 1758
1279 1283
1279 1473
1279 1769
1280 1328
1280 1695
1280 1788
1280 1944
1281 1311
1281 1370
1281 1684
1281 1855
1281 1951
1281 1960
1282 1352
1282 1375
1282 1471
1282 1508
1283 1447
1283 1540
1283 1542
1283 1605
1283 1809
1283 1966
1284 1509
1284 1574
1284 1959
1285 1532
1285 1534
1285 1582
1285 1698
1285 1791
1286 1505
1286 1612
1286 1656
1287 1306
1287 1315
1287 1367
1287 1397
1287 1446
1287 1581
1288 1520
1288 1625
1288 1672
1288 1733
1288 1861
1289 1363
1289 1825
1289 1987
1290 1518
1290 1680
1291 1510
1291 1624
1291 1648
1292 1359
1292 1677
1292 1773
1292 1785
1292 1935
1293 1673
1293 1932
1294 1716
1294 1932
1295 1371
1295 1394
1295 1711
1295 1745
1295 1768
1295 1785
1295 1929
1296 1877
1296 1899
1296 1934
1297 1355
1298 1307
1298 1360
1299 1330
1299 1583
1299 1753
1299 1804
1299 1990
1300 1532
1300 1849
1300 1932
1301 1682
1301 1843
1302 1528
1302 1532
1302 1639
1302 1691
1302 1799
1303 1569
1303 1831
1304 1719
1304 1763
1304 1876
1304 1926
1304 1961
1305 1408
1305 1637
1305 1698
1305 1991
1305 1992
1306 1368
1306 1409
1306 1610
1306 1630
1306 1757
1306 1837
1306 1860
1306 1866
1307 1385
1307 1646
1307 1678
1307 1711
1307 1804
1307 1883
1308 1356
1308 1450
1308 1476
1308 1521
1308 1525
1308 1557
1308 1760
1308 1984
1309 1405
1309 1409
1309 1757
1309 1761
1309 1788
1310 1565
1310 1618
1310 1654
1310 1789
1310 1895
1311 1397
1311 1550
1311 1632
1311 1848
1312 1429
1312 1449
1312 1487
1312 1875
1312 1962
1313 1437
1313 1620
1313 1666
1313 1774
1313 1842
1314 1637
1314 1914
1315 1471
1315 1969
1316 1491
1316 1848
1316 1906
1317 1435
1317 1596
1318 1956
1319 1378
1319 1461
1319 1755
1319 1797
1319 1806
1320 1626
1320 1833
1320 1977
1321 1611
1321 1801
1322 1563
1323 1880
1323 1984
1324 1427
1324 1661
1324 1846
1324 1911
1324 1961
1325 1805
1325 1822
1325 1995
1326 1354
1326 1425
1326 1658
1326 1745
1327 1644
1327 1779
1327 1923
1328 1335
1328 1385
1328 1542
1328 1686
1328 1957
1329 1547
1330 1904
1331 1541
1332 1524
1332 1583
1332 1631
1332 1710
1332 1787
1333 1769
1334 1527
1334 1632
1334 1656
1334 1908
1335 1358
1335 1387
1335 1634
1336 1408
1336 1548
1336 1820
1337 1361
1337 1447
1337 1585
1337 1661
1337 1816
1337 1871
1337 1978
1338 1626
1339 1572
1339 1905
1340 1756
1341 1376
1341 1414
1341 1562
1341 1574
1341 1618
1341 1756
1341 1971
1342 1358
1342 1498
1342 1582
1342 1614
1342 1780
1342 1998
1343 1699
1343 1708
1343 1731
1343 1847
1343 1886
1344 1398
1345 1708
1346 1347
1346 1398
1346 1887
1347 1907
1348 1378
1348 1400
1348 1485
1348 1550
1348 1598
1348 1850
1350 1579
1350 1657
1350 1679
1350 1927
1350 1930
1351 1382
1351 1695
1351 1742
1351 1775
1352 1442
1352 1616
1353 1530
1353 1675
1354 1478
1354 1527
1354 1581
1355 1652
1355 1715
1356 1358
1356 1376
1356 1577
1356 1723
1356 1743
1356 1927
1357 1558
1357 1632
1357 1915
1358 1527
1358 1734
1359 1439
1359 1569
1359 1685
1359 1705
1359 1860
1359 1965
1360 1555
1360 1662
1360 1858
1360 1910
1361 1370
1361 1461
1361 1660
1361 1784
1362 1397
1362 1481
1362 1562
1362 1606
1363 1820
1364 1496
1364 1724
1364 1741
1365 1574
1365 1580
1365 1609
1365 1638
1365 1687
1365 1819
1365 1892
1365 1962
1366 1438
1366 1445
1366 1543
1366 1728
1366 1808
1366 1929
1367 1493
1367 1657
1367 1866
1367 1949
1368 1378
1368 1543
1368 1754
1368 1843
1368 1855
1368 1990
1369 1763
1369 1793
1369 1970
1370 1566
1370 1626
1370 1777
1370 1907
1370 1990
1371 1460
1371 1735
1371 1796
1372 1389
1372 1806
1373 1400
1373 1529
1373 1963
1374 1448
1374 1557
1374 1561
1375 1516
1375 1559
1375 1569
1375 1681
1376 1579
1376 1626
1376 1761
1376 1821
1376 1988
1377 1468
1377 1608
1377 1746
1377 1931
1379 1844
1379 1911
1379 1953
1380 1395
1380 1550
1380 1688
1380 1862
1381 1620
1381 1687
1381 1834
1382 1681
1382 1733
1383 1393
1383 1430
1383 1498
1383 1749
1383 1935
1385 1470
1385 1782
1386 1700
1386 1877
1386 1910
1387 1477
1387 1555
1388 1514
1388 1549
1388 1561
1389 1581
1389 1602
1389 1682
1389 1703
1389 1858
1389 1880
1389 1933
1389 1985
1390 1396
1390 1401
1390 1460
1390 1590
1390 1705
1390 1856
1392 1448
1392 1758
1393 1748
1393 1917
1394 1885
1394 1891
1395 1414
1395 1489
1395 1519
1395 1904
1395 1951
1395 1992
1396 1617
1396 1634
1396 1937
1396 1947
1397 1622
1398 1461
1398 1767
1398 1990
1399 1405
1399 1703
1399 1778
1399 1865
1399 1923
1400 1450
1400 1469
1400 1510
1400 1519
1400 1774
1400 1981
1401 1467
1403 1432
1404 1647
1404 1649
1405 1607
1405 1622
1406 1596
1406 1685
1406 1777
1406 1843
1407 1586
1407 1599
1407 1703
1407 1776
1408 1555
1408 1616
1409 1957
1410 1523
1410 1546
1411 1723
1411 1849
1412 1622
1412 1644
1412 1756
1412 1764
1412 1990
1413 1482
1413 1777
1413 1896
1414 1745
1414 1755
1414 1911
1415 1501
1415 1750
1415 1813
1416 1552
1416 1613
1416 1636
1416 1775
1416 1964
1417 1929
1418 1446
1418 1526
1418 1874
1418 1901
1419 1722
1419 1939
1420 1580
1420 1602
1420 1725
1421 1602
1421 1874
1421 1975
1422 1669
1422 1855
1423 1424
1423 1749
1423 1788
1424 1708
1424 1815
1424 1828
1424 1865
1426 1843
1427 1496
1427 1712
1427 1986
1428 1581
1428 1593
1428 1767
1428 1838
1429 1601
1430 1524
1430 1726
1430 1891
1432 1446
1432 1974
1433 1919
1434 1591
1434 1748
1434 1860
1434 1939
1434 1973
1435 1483
1435 1872
1436 1493
1436 1806
1436 1824
1436 1993
1437 1498
1437 1905
1437 1990
1438 1654
1439 1506
1439 1544
1439 1660
1440 1602
1440 1772
1440 1803
1441 1488
1441 1513
1441 1908
1442 1602
1442 1606
1442 1639
1442 1653
1442 1843
1442 1894
1443 1614
1443 1743
1443 1756
1444 1817
1444 1956
1445 1712
1446 1729
1447 1862
1447 1884
1448 1579
1449 1598
1449 1980
1450 1633
1450 1825
1450 1860
1451 1546
1451 1560
1451 1590
1451 1730
1451 1794
1452 1704
1454 1458
1454 1513
1454 1546
1454 1766
1454 1868
1455 1489
1455 1931
1456 1512
1456 1623
1456 1635
1456 1676
1456 1955
1457 1503
1457 1816
1457 1830
1458 1539
1458 1547
1458 1645
1458 1680
1458 1890
1458 1919
1458 1935
1460 1828
1460 1909
1460 1997
1461 1663
1461 1848
1462 1499
1462 1750
1463 1702
1463 1924
1465 1693
1465 1779
1465 1873
1465 1969
1465 1993
1466 1824
1466 1841
1467 1618
1467 1807
1467 1833
1467 1962
1468 1679
1468 1837
1469 1524
1469 1749
1469 1772
1469 1993
1470 1972
1471 1585
1471 1931
1471 1980
1472 1924
1473 1810
1473 1849
1474 1525
1474 1614
1475 1597
1475 1634
1475 1676
1476 1513
1476 1744
1476 1976
1477 1574
1477 1707
1478 1578
1478 1783
1479 1559
1479 1572
1479 1985
1480 1505
1480 1755
1481 1918
1482 1596
1482 1660
1482 1934
1482 1959
1483 1517
1483 1567
1483 1653
1483 1688
1483 1966
1484 1752
1484 1784
1484 1820
1485 1621
1485 1739
1485 1788
1485 1934
1486 1632
1486 1860
1487 1844
1488 1589
1488 1814
1489 1708
1489 1824
1490 1601
1490 1722
1490 1805
1492 1880
1493 1873
1494 1832
1496 1557
1496 1824
1497 1622
1497 1848
1498 1527
1498 1702
1498 1841
1499 1675
1499 1832
1499 1877
1499 1887
1502 1575
1502 1651
1502 1763
1502 1857
1502 1906
1502 1923
1503 1507
1503 1631
1503 1770
1504 1544
1504 1742
1504 1763
1504 1858
1504 1902
1505 1613
1505 1646
1505 1764
1506 1817
1507 1653
1508 1591
1509 1590
1509 1835
1509 1881
1510 1520
1510 1579
1510 1737
1510 1790
1510 1794
1511 1583
1511 1771
1511 1858
1511 1939
1511 1946
1512 1538
1512 1698
1512 1955
1514 1540
1514 1751
1514 1922
1515 1625
1515 1714
1516 1530
1516 1732
1516 1823
1516 1893
1517 1752
1517 1960
1518 1572
1518 1651
1518 1788
1518 1935
1519 1617
1519 1730
1519 1784
1520 1704
1521 1575
1521 1851
1522 1638
1522 1658
1522 1661
1522 1783
1523 1722
1523 1904
1524 1582
1524 1709
1524 1985
1525 1595
1525 1702
1525 1759
1525 1888
1526 1924
1527 1660
1527 1774
1527 1911
1527 1921
1527 1954
1527 1992
1528 1558
1528 1886
1529 1975
1529 1997
1531 1592
1531 1597
1531 1655
1531 1793
1531 1965
1534 1558
1534 1688
1534 1900
1534 1994
1535 1636
1535 1662
1535 1737
1535 1944
1535 1955
1536 1692
1536 1812
1537 1664
1537 1849
1537 1871
1539 1674
1539 1680
1539 1770
1539 1970
1540 1917
1540 1978
1541 1853
1541 1882
1542 1587
1542 1802
1542 1807
1542 1820
1543 1610
1544 1714
1544 1913
1544 1962
1545 1642
1545 1821
1545 1985
1547 1851
1548 1578
1548 1603
1548 1711
1548 1832
1549 1598
1549 1634
1549 1653
1550 1848
1551 1660
1551 1684
1551 1891
1551 1930
1552 1559
1552 1977
1553 1634
1553 1743
1553 1770
1553 1900
1553 1938
1554 1621
1555 1655
1555 1669
1555 1694
1555 1754
1556 1760
1556 1783
1557 1698
1557 1741
1557 1825
1558 1888
1559 1643
1559 1981
1560 1927
1561 1794
1561 1805
1563 1622
1563 1785
1563 1819
1564 1648
1564 1747
1564 1839
1564 1890
1564 1920
1565 1576
1565 1633
1565 1988
1566 1687
1566 1702
1566 1860
1567 1967
1569 1672
1569 1750
1569 1927
1570 1702
1570 1875
1571 1654
1571 1928
1572 1591
1572 1842
1572 1850
1572 1951
1573 1799
1573 1867
1573 1947
1575 1577
1576 1630
1576 1823
1576 1846
1577 1666
1577 1795
1577 1801
1578 1943
1579 1792
1581 1636
1581 1763
1581 1943
1581 1971
1582 1628
1583 1743
1583 1937
1583 1968
1584 1683
1584 1704
1584 1784
1584 1812
1584 1831
1584 1857
1585 1713
1586 1819
1586 1967
1587 1617
1587 1644
1587 1701
1587 1708
1588 1600
1588 1615
1588 1627
1588 1681
1589 1833
1589 1978
1590 1702
1591 1719
1591 1722
1591 1838
1591 1863
1591 1922
1592 1629
1592 1687
1592 1691
1592 1784
1592 1865
1592 1900
1593 1770
1594 1686
1594 1806
1595 1652
1595 1660
1595 1748
1595 1870
1595 1877
1596 1672
1596 1716
1596 1738
1596 1989
1597 1633
1597 1822
1597 1864
1597 1944
1598 1739
1598 1753
1598 1920
1599 1709
1599 1861
1599 1893
1600 1869
1601 1873
1602 1663
1603 1686
1603 1805
1603 1901
1604 1605
1604 1958
1604 1977
1605 1632
1605 1642
1605 1701
1605 1810
1606 1614
1606 1660
1606 1802
1606 1969
1607 1639
1607 1643
1607 1986
1608 1659
1609 1610
1609 1905
1609 1942
1609 1971
1610 1726
1610 1741
1611 1706
1612 1640
1612 1824
1613 1673
1614 1970
1615 1886
1616 1698
1617 1774
1618 1620
1618 1873
1619 1953
1620 1663
1620 1665
1620 1727
1620 1894
1620 1919
1622 1641
1623 1726
1624 1924
1624 1986
1626 1644
1626 1747
1626 1926
1627 1673
1627 1835
1628 1870
1629 1785
1629 1909
1630 1914
1631 1771
1631 1898
1631 1978
1631 1999
1632 1736
1632 1771
1632 1859
1632 1964
1633 1963
1634 1710
1634 1889
1634 1907
1634 1937
1635 1640
1635 1646
1635 1923
1636 1644
1636 1916
1636 1992
1637 1666
1638 1700
1638 1719
1638 1818
1639 1855
1640 1849
1640 1876
1640 1892
1640 1930
1641 1649
1641 1837
1643 1833
1643 1997
1644 1667
1644 1745
1644 1868
1645 1937
1646 1767
1646 1992
1647 1686
1647 1884
1648 1706
1648 1750
1648 1904
1649 1675
1649 1695
1649 1793
1650 1715
1650 1812
1650 1820
1650 1821
1651 1802
1651 1894
1652 1944
1653 1668
1653 1736
1653 1951
1654 1698
1654 1887
1657 1803
1657 1824
1657 1881
1658 1846
1658 1940
1659 1678
1659 1701
1660 1717
1660 1800
1661 1697
1661 1946
1662 1665
1662 1718
1663 1746
1663 1851
1664 1819
1667 1890
1668 1740
1668 1896
1669 1834
1669 1856
1669 1935
1670 1772
1671 1859
1671 1924
1671 1935
1671 1955
1671 1996
1672 1763
1672 1883
1672 1894
1672 1910
1674 1849
1674 1890
1675 1756
1676 1708
1678 1748
1678 1804
1679 1941
1679 1972
1680 1997
1681 1868
1682 1952
1682 1991
1684 1826
1684 1982
1686 1876
1686 1978
1688 1820
1688 1888
1689 1696
1689 1697
1689 1854
1689 1928
1689 1931
1689 1985
1690 1776
1692 1696
1692 1732
1693 1711
1693 1725
1694 1715
1694 1728
1694 1843
1695 1949
1696 1798
1697 1771
1698 1710
1698 1803
1698 1850
1698 1924
1699 1797
1700 1748
1700 1784
1700 1875
1700 1972
1701 1758
1703 1706
1703 1891
1706 1957
1708 1856
1709 1828
1710 1979
1714 1798
1714 1829
1715 1974
1716 1779
1716 1933
1717 1774
1718 1758
1718 1892
1718 1893
1718 1956
1719 1733
1719 1864
1720 1767
1721 1776
1722 1725
1723 1867
1724 1795
1724 1848
1724 1861
1725 1900
1726 1846
1726 1998
1728 1860
1728 1970
1730 1793
1730 1859
1731 1746
1732 1967
1734 1865
1734 1935
1734 1998
1736 1917
1736 1941
1739 1852
1740 1744
1740 1935
1740 1968
1743 1940
1745 1749
1745 1837
1745 1873
1746 1835
1746 1972
1747 1816
1747 1931
1749 1907
1749 1972
1751 1865
1751 1928
1752 1808
1752 1829
1752 1869
1752 1886
1753 1805
1753 1894
1754 1936
1755 1820
1755 1964
1756 1801
1756 1850
1758 1837
1758 1854
1759 1822
1759 1860
1760 1890
1760 1975
1761 1913
1762 1899
1764 1954
1765 1902
1768 1810
1768 1815
1768 1859
1769 1772
1770 1883
1771 1808
1771 1974
1771 1998
1772 1838
1773 1923
1776 1819
1777 1780
1777 1851
1777 1888
1777 1905
1779 1876
1780 1797
1783 1808
1784 1787
1784 1857
1785 1984
1786 1864
1786 1941
1788 1866
1789 1843
1789 1959
1791 1820
1791 1850
1791 1931
1792 1933
1793 1794
1793 1832
1794 1962
1795 1960
1796 1815
1797 1855
1798 1998
1800 1921
1802 1834
1804 1866
1804 1893
1805 1857
1806 1971
1806 1996
1809 1988
1811 1814
1812 1857
1813 1830
1813 1863
1813 1950
1814 1946
1815 1903
1816 1964
1817 1849
1819 1830
1819 1843
1820 1856
1824 1943
1826 1856
1827 1924
1828 1979
1830 1956
1831 1861
1831 1902
1831 1945
1835 1929
1836 1889
1836 1971
1837 1890
1839 1881
1839 1905
1841 1937
1843 1891
1844 1866
1844 1871
1847 1970
1848 1894
1849 1855
1850 1871
1853 1998
1857 1881
1859 1964
1861 1907
1862 1955
1864 1984
1866 1937
1871 1972
1872 1952
1872 1962
1875 1917
1876 1963
1876 1972
1877 1887
1880 1882
1880 1915
1880 1944
1881 1930
1883 1988
1883 1989
1883 1991
1884 1954
1885 1905
1891 1982
1892 1999
1893 1923
1894 1939
1896 1907
1897 1916
1899 1991
1900 1940
1900 1975
1904 1978
1906 1953
1908 1921
1908 1996
1909 1990
1910 1927
1912 1933
1912 1936
1915 1945
1915 1977
1916 1931
1920 1964
1922 1925
1922 1954
1923 1928
1926 1955
1927 1987
1930 1951
1933 1948
1934 1994
1936 1964
1937 1983
1941 1980
1947 1977
1947 1992
1964 1975
1965 1989
1977 1997
1978 1997
