2000
2982
1 854
1 351
2 1643
3 1592
3 1671
3 1624
4 753
4 240
5 1990
5 850
6 1897
7 1299
7 1458
7 1600
7 1643
7 1906
7 266
7 996
7 1691
7 181
7 1196
7 1026
7 932
7 865
8 1862
9 882
10 1838
11 1981
12 829
13 1299
14 1990
14 882
14 1501
14 1862
14 603
14 351
14 1350
14 923
14 337
14 1226
14 1765
14 1509
14 600
14 1201
14 1511
14 1538
14 1494
14 1398
14 1576
14 1774
14 391
14 1193
16 1701
17 1562
18 812
18 191
19 299
21 882
21 1299
21 379
21 1773
21 1499
21 1833
21 637
21 527
22 602
23 502
23 394
24 1458
25 1505
25 1501
26 609
28 1333
29 1990
29 1878
29 1877
29 612
29 82
30 1540
30 451
30 989
31 1990
31 1501
31 262
31 1862
31 1471
31 1809
31 351
31 561
31 1325
31 600
31 1841
32 279
32 269
32 773
33 1501
33 1622
35 1695
35 1553
36 157
38 882
38 215
39 1698
39 522
39 850
39 1600
39 1643
39 151
39 1767
39 1346
39 519
39 263
39 1545
39 1930
39 1770
39 823
39 205
39 1916
39 657
39 1572
39 381
39 371
40 1299
41 1059
44 238
45 1701
45 1875
45 302
45 794
45 1610
47 1474
48 593
50 882
50 269
50 662
51 522
51 580
52 262
52 910
52 620
52 180
53 952
53 775
54 737
54 1537
54 1392
57 1501
57 361
60 1701
60 1207
61 850
61 159
61 84
62 1815
62 975
62 906
62 1973
64 1990
65 1363
65 346
65 1598
66 1720
66 1767
66 94
68 1698
68 942
68 1640
68 225
69 882
69 1505
69 1501
69 1698
69 269
69 1862
69 1237
69 1803
69 1018
69 683
69 363
69 1016
69 702
69 471
69 514
70 882
71 1918
71 594
71 282
72 882
72 1501
74 1179
74 784
75 1606
77 1501
78 262
78 1862
78 1795
78 1363
78 745
78 782
78 1251
79 1356
80 1352
80 791
81 1501
82 1433
83 829
85 1990
85 1698
85 603
85 1346
85 1732
85 203
88 279
88 1124
88 197
90 674
91 1501
91 1540
91 279
91 1600
91 1302
91 749
91 1226
91 1031
91 1314
91 1871
91 1822
92 1505
93 1501
93 1698
93 262
93 1137
94 1100
94 1878
95 1505
95 1698
95 1918
95 1444
95 1534
95 1547
95 1966
96 945
97 580
98 1462
99 1505
99 1918
99 522
99 1803
99 748
99 1941
99 472
103 1932
103 406
103 306
103 732
103 1811
104 1501
104 269
104 1381
105 1720
105 975
105 1285
105 896
106 522
106 455
108 522
109 1204
110 216
112 1540
113 1248
115 279
115 1423
116 1990
116 1803
117 465
118 752
119 1990
119 1505
119 522
119 382
119 1019
119 1447
119 779
120 1505
120 522
120 1151
120 763
120 1923
122 373
123 994
123 849
124 465
124 250
124 232
125 1990
125 1505
125 1501
125 1540
125 262
125 269
125 455
125 1643
125 1957
125 536
125 1223
125 1373
125 1329
125 1482
125 647
125 1224
125 1886
125 1443
125 1334
125 1238
125 1347
125 173
125 1489
125 1289
125 1439
125 842
125 1083
125 1395
125 802
125 1266
125 1594
125 1536
126 1770
126 547
126 1148
127 1501
127 279
127 1600
127 856
127 1740
127 848
127 507
128 609
128 646
129 1540
129 1207
129 251
130 1352
130 157
131 1486
132 1671
132 596
133 1351
134 1631
134 1493
134 1028
135 994
135 1352
135 1957
136 1118
136 737
136 638
136 1654
136 468
138 873
138 1914
138 1514
139 262
139 1707
144 1501
144 668
145 1600
146 1958
146 1131
148 1351
149 1471
150 529
151 1990
151 1698
151 1302
151 239
151 512
151 1240
151 1399
151 462
151 670
151 606
151 1115
151 338
151 1266
151 1787
152 569
153 1990
153 1720
153 1458
153 812
153 578
153 1803
153 1539
153 1101
153 243
153 1443
153 1545
153 252
153 1210
153 1262
153 390
153 329
153 607
153 1628
155 1776
155 1577
155 824
157 737
157 220
157 782
157 212
159 1990
159 1501
160 1600
160 1133
160 1855
161 1721
164 279
164 994
164 1537
165 1990
165 1540
165 1600
165 889
165 908
165 1293
167 1942
168 861
170 1540
170 1497
170 1596
170 885
171 1740
171 1255
172 343
172 594
172 772
173 1996
173 196
174 522
175 250
175 1675
175 1290
176 1501
176 1720
176 1363
176 1832
176 500
176 1066
177 1145
180 1458
181 1419
182 269
182 1815
183 1932
184 872
185 1952
185 1486
187 1388
188 321
191 1950
191 420
192 882
192 1698
192 1500
192 1232
193 1918
193 262
193 455
193 1686
193 1961
193 1418
195 882
195 1751
196 1505
196 322
196 791
196 1206
196 1729
196 1547
196 671
196 1954
197 239
197 1174
197 1322
197 1769
199 466
200 1540
200 671
201 1990
202 1501
202 987
203 1302
203 1847
205 262
208 429
208 1129
209 1382
210 1427
211 250
212 1501
212 1776
212 545
213 1678
214 1540
214 1720
215 1501
215 1698
215 1540
215 1918
215 1019
215 402
215 1813
215 821
215 656
215 704
216 1501
216 1275
219 765
220 1990
220 882
220 1698
220 518
220 1619
222 578
222 674
222 928
224 1458
225 1240
226 1990
226 1684
226 498
226 1181
226 625
226 1246
227 1990
227 1780
228 578
228 1115
231 1501
231 856
232 882
232 1505
232 1984
232 923
232 382
232 370
232 1924
232 1911
232 1987
233 1862
233 687
235 1479
236 1720
236 528
236 385
237 660
238 508
238 1351
238 1577
238 1724
238 680
238 1030
239 882
239 1431
239 718
239 1389
239 1307
239 1671
239 370
239 1189
239 615
240 250
240 1491
240 275
240 1823
240 1746
241 551
242 1118
243 279
243 1932
243 1848
246 1126
247 1229
247 1771
248 928
248 1362
248 1444
250 882
250 1137
250 512
250 1863
250 1931
250 610
250 405
251 1384
252 1355
253 1505
253 1698
253 531
253 1076
253 1567
253 954
255 1918
255 1936
255 1885
256 279
256 1302
256 1836
256 444
256 633
257 1990
257 1918
257 279
257 660
257 1431
258 1981
261 1599
262 1990
262 882
262 1505
262 1501
262 1698
262 1540
262 1720
262 1862
262 522
262 1137
262 1299
262 1228
262 1471
262 1643
262 854
262 1396
262 1815
262 1599
262 1018
262 1527
262 1707
262 410
262 928
262 1897
262 813
262 382
262 1674
262 559
262 1311
262 1271
262 1360
262 1622
262 1314
262 265
262 1033
262 1009
262 1089
262 1318
262 1417
262 1528
262 1927
262 562
262 920
262 926
262 428
262 415
262 663
262 267
262 1177
262 796
263 1501
263 1695
263 1352
264 952
264 1686
266 1540
267 512
268 1702
269 1990
269 882
269 1505
269 1501
269 1698
269 1540
269 1918
269 1299
269 660
269 1600
269 1128
269 1957
269 1302
269 508
269 1815
269 299
269 990
269 1433
269 1556
269 593
269 1984
269 1702
269 1553
269 1631
269 473
269 972
269 561
269 1940
269 1090
269 870
269 1210
269 412
269 1211
269 1717
269 1499
269 829
269 376
269 1972
269 836
269 1721
269 599
269 1402
269 1412
269 1187
269 1438
269 1712
269 423
269 1294
269 515
270 1509
270 383
271 782
272 1990
272 1562
272 584
274 1458
275 695
276 325
277 465
277 1795
277 303
277 810
278 1307
278 671
279 1990
279 882
279 1505
279 1501
279 1698
279 1540
279 1918
279 1720
279 1862
279 1299
279 660
279 1814
279 1118
279 1396
279 1599
279 1740
279 1018
279 1151
279 534
279 555
279 1782
279 1497
279 1373
279 281
279 1141
279 1165
279 738
279 1377
279 1980
279 1043
279 488
279 1595
279 693
279 1673
279 1156
279 1203
279 1164
279 309
279 1065
279 587
279 544
279 1611
279 1328
279 1435
279 1177
280 882
280 299
280 1803
280 1752
280 1657
280 644
281 1729
281 1726
281 1209
281 1964
281 1974
282 1101
282 1485
282 383
282 601
284 882
284 1458
284 833
285 446
286 718
287 1698
289 1918
289 1803
290 1941
291 1501
291 1540
291 1612
291 1577
291 1997
292 1485
293 1732
294 519
295 1990
296 1505
296 1951
297 882
297 1720
297 1923
297 1314
297 1268
298 578
299 1540
299 1918
299 522
299 1137
299 1173
299 379
299 1025
299 1915
299 1837
299 1929
299 468
301 1967
302 1990
302 1527
302 389
302 1397
303 1990
303 536
303 1752
303 738
304 1501
304 1540
304 1720
304 1271
304 397
304 1902
304 1616
304 1282
304 431
305 882
307 1501
307 1702
309 910
311 431
311 943
312 1996
312 1464
312 1005
313 674
316 850
316 745
317 1990
317 992
318 437
318 1213
319 1990
319 1501
319 1596
322 1862
322 572
322 749
322 1361
322 1251
322 1825
322 1891
322 1410
324 882
324 1137
324 1843
325 1431
326 1075
326 602
327 1157
330 522
330 1701
330 1414
331 1990
331 1433
331 1218
331 1817
332 1539
334 1318
334 1859
334 1154
335 1990
335 528
336 1425
336 1882
337 1892
337 1746
339 1501
339 1862
341 1068
342 1975
342 1537
343 1975
343 1768
343 922
343 1400
344 988
346 1501
346 875
346 1009
346 1462
346 1868
347 1758
348 578
349 1481
350 1990
350 1137
350 1682
351 1698
351 522
351 889
351 1904
351 374
351 476
351 1239
351 1024
351 1123
351 1298
354 1990
354 674
354 1793
359 1918
360 1643
360 575
360 948
361 1505
361 1540
361 1697
362 522
362 1160
363 882
365 1501
365 1032
365 900
365 661
365 1760
366 1709
367 1118
370 1675
370 390
370 588
370 420
371 1501
371 455
371 1179
372 1981
372 1527
373 1684
373 1032
374 1352
374 1223
374 1738
376 882
376 1505
376 1862
378 1278
379 1990
379 603
379 1452
379 1673
380 1540
381 930
382 1302
383 1010
384 1540
384 850
384 889
385 808
386 1062
387 882
387 1139
388 1501
388 1018
388 928
389 1431
389 1975
389 1893
390 1698
390 1458
390 508
390 1646
392 1698
393 1501
393 1698
393 522
393 1237
393 1981
393 1751
393 1539
393 1767
393 1186
393 1953
393 1009
393 996
393 1430
393 424
394 928
394 1493
395 1990
395 1684
395 1434
395 1122
396 1698
397 1673
397 413
399 1505
399 1918
399 1802
399 960
399 1220
400 892
400 1162
401 1845
401 1214
402 1501
402 1986
403 1872
403 1189
404 1990
404 1501
404 1458
405 518
409 1352
409 1814
409 1577
409 1561
409 1774
409 1148
410 714
410 1845
410 1875
410 1165
410 703
410 787
410 1718
410 458
411 1124
412 945
412 462
413 1471
414 998
414 896
415 1481
416 1698
417 1862
417 1835
417 1795
417 1662
417 555
417 1326
417 585
417 1209
417 478
417 1255
417 1985
420 882
422 882
422 566
423 578
424 661
426 578
426 572
426 687
429 1540
429 854
429 949
429 542
429 1968
432 1698
432 1631
433 468
434 1501
438 1226
439 1505
439 1893
440 522
440 1491
441 1990
441 444
442 1501
443 1924
444 1891
444 1804
444 1394
446 1440
447 860
448 1428
450 736
451 1352
451 1906
451 842
452 1657
452 713
454 674
455 882
455 1505
455 1720
455 994
455 1740
455 1932
455 808
455 710
455 1638
455 1927
455 866
459 578
463 882
463 1854
463 597
464 1458
464 1996
464 1510
465 1505
465 1540
465 1862
465 660
465 994
465 1701
465 854
465 1960
465 1680
465 1837
465 1901
465 1348
466 1540
467 1951
468 660
468 1907
470 1027
471 1021
472 1776
472 1347
473 1990
475 1767
475 1686
476 1501
477 1445
477 1876
479 1990
479 1803
479 1297
479 1766
480 603
481 684
484 684
485 1720
485 1746
486 1829
487 1403
488 1426
490 1809
490 1891
490 730
490 1427
491 1990
491 1801
492 1137
494 1237
494 1835
494 1293
494 1597
495 1990
495 882
497 1825
498 737
498 1061
498 1276
499 889
499 521
500 1207
500 1343
502 1505
502 812
502 709
503 1592
503 507
503 1953
504 1505
504 1396
504 1613
505 1124
506 1701
506 1884
506 951
507 1698
507 522
507 1633
507 1556
507 1946
507 1428
508 882
508 1458
508 1431
508 1958
508 1777
508 1163
508 1743
510 1990
510 1251
511 1990
511 1918
511 803
512 1600
512 889
512 1989
513 1159
516 1633
516 835
517 626
517 1866
518 1990
518 1614
519 1698
519 664
521 854
522 1990
522 882
522 1505
522 1501
522 1698
522 1540
522 1862
522 1299
522 578
522 1228
522 1491
522 1803
522 572
522 1757
522 990
522 1776
522 1206
522 972
522 1393
522 1130
522 638
522 891
522 1192
522 1913
522 1420
522 582
522 681
522 1292
522 655
522 857
522 564
523 1698
523 1425
526 1379
527 854
528 1352
528 1534
529 1891
531 882
531 1018
531 1405
532 1990
532 1100
534 1179
534 1641
535 1698
536 1990
536 882
536 1505
536 1698
536 850
536 1996
536 1179
536 1429
536 1744
536 1738
536 1963
536 813
538 1696
539 801
540 1431
541 1540
541 1089
543 1551
544 1505
544 1481
544 1141
545 1698
545 964
548 870
548 1640
549 882
549 1631
550 1039
550 1563
551 882
551 636
553 1634
553 1268
555 578
555 1782
555 948
556 1782
558 1990
558 1540
558 1102
558 1717
558 781
558 1534
561 1501
561 854
561 1449
562 572
562 984
563 882
564 1645
565 1299
565 1648
565 1508
567 1037
569 1713
571 1958
571 1694
572 1698
572 1540
572 1207
572 1951
572 990
572 1684
572 1841
572 1730
572 1570
573 808
574 882
575 1308
576 995
577 763
578 1505
578 1501
578 1299
578 660
578 1228
578 1128
578 1302
578 1396
578 1782
578 1205
578 1077
578 1622
578 1943
578 1672
578 676
578 1538
578 1860
578 1621
579 1540
579 970
582 1540
585 1501
585 1458
587 1351
588 1323
589 885
591 1720
591 1600
591 994
591 1058
591 1722
592 1990
593 1432
593 1004
594 1990
594 1740
594 1041
594 1608
595 1282
595 1233
596 882
596 1228
596 1991
596 1681
597 947
597 1903
598 716
599 1281
600 1720
602 1701
603 1505
603 1918
603 1600
603 706
603 1360
603 679
603 1075
606 1963
607 947
609 1046
609 1855
610 882
611 990
612 882
613 1620
616 1624
617 1698
618 1302
618 1325
619 1936
619 1009
623 1032
625 1501
625 801
626 1990
626 812
627 882
627 1433
627 1131
628 1501
628 1257
628 903
631 1844
633 1684
634 1496
634 1734
636 1505
636 1540
637 856
637 1829
638 1299
638 1951
639 1682
640 1600
640 1783
643 1185
644 1698
644 836
644 1282
644 1285
646 1095
647 1643
647 1382
647 1046
648 865
649 1832
650 854
650 1079
651 1077
652 1695
652 1932
653 915
655 1639
656 1363
660 1990
660 882
660 1207
660 1751
660 1405
660 1854
660 1184
660 1950
660 1983
661 1137
663 1698
664 1352
664 761
666 1379
667 1505
667 1161
668 1505
668 959
670 1698
670 973
674 882
674 1527
674 987
674 1758
674 1693
675 1918
675 1431
676 1186
678 1815
679 1654
680 1698
681 1955
683 1545
684 1221
684 785
685 1720
685 1539
685 1890
687 1918
687 1600
687 1061
687 1357
687 1301
688 1540
691 1990
691 1540
691 854
691 1932
691 1929
691 1167
692 1241
694 1744
695 994
695 1996
695 1205
697 1809
698 1501
699 1459
700 1885
700 1645
700 1830
701 1410
702 1429
703 1600
704 1862
704 1228
704 726
705 1137
706 1990
706 780
709 1505
710 850
710 1237
710 1810
712 1501
712 1623
712 1356
713 1990
714 1918
714 952
714 1207
714 823
715 1501
716 1698
716 952
716 1197
718 1505
718 1501
718 1862
718 1299
718 1999
718 1405
719 1548
721 784
722 856
722 1830
723 1501
723 1863
724 1044
724 858
724 1347
724 1055
725 1926
727 1368
728 1643
728 1207
730 1990
730 889
731 1600
733 882
734 1445
734 1848
734 1320
735 1684
735 1486
735 1359
735 1677
735 1972
737 1540
737 1431
737 1599
737 1205
737 1440
737 827
737 1734
737 1066
738 882
739 782
743 1501
743 854
743 1472
744 1540
745 882
745 1857
745 1418
747 1434
748 1990
748 1501
748 1884
748 1631
748 1559
749 1990
749 882
749 1540
749 1665
749 1765
749 1334
749 1210
749 1123
750 1990
750 1505
750 1946
750 1485
750 951
751 1305
751 1611
751 1188
752 882
752 1845
752 1485
752 884
752 947
753 1411
754 882
754 1698
756 1539
757 1282
760 1501
760 1200
762 1520
763 1228
763 1662
763 1141
763 1090
765 1662
767 1501
767 1543
768 1505
768 1897
768 1494
768 1725
769 1643
769 1697
770 1471
771 1121
772 1388
772 1778
773 1505
773 1501
773 1698
773 1491
774 1865
775 1017
775 1444
776 1563
778 882
778 1077
780 1505
781 1990
781 1562
781 883
782 1117
783 1815
783 1887
784 1698
787 812
789 1862
791 1698
791 1720
791 994
791 1118
791 1884
791 1665
791 845
791 1871
791 1407
793 1698
793 1471
795 1724
796 1373
798 1459
799 882
799 1505
799 1540
799 1207
800 1164
801 1990
801 936
802 882
802 1505
802 1732
802 981
802 1499
803 1100
803 1630
803 1282
804 1862
806 990
807 1862
807 1643
807 1599
807 1558
808 1600
808 1701
808 1883
808 1523
808 1683
809 881
810 1501
810 1094
811 1223
811 906
812 1990
812 1600
812 1814
812 854
812 889
812 1100
812 1707
812 1041
812 1361
812 1802
812 1112
812 1833
812 1172
812 1285
812 1928
813 994
813 1331
813 1756
815 929
816 1631
818 1698
818 1458
820 1967
821 1698
821 1488
822 856
822 1421
822 1295
823 1223
823 1592
823 1042
827 1571
830 1752
831 1918
831 1262
831 954
833 1811
834 882
834 1707
835 1975
835 1991
836 882
837 1549
838 1425
841 1505
841 1689
843 1553
845 1505
845 974
847 1321
848 1701
848 1695
848 1423
848 1539
848 1879
848 1078
849 947
850 882
850 1505
850 1540
850 1720
850 1137
850 934
850 1226
850 1384
850 1722
850 1032
850 1359
850 905
850 1901
850 1971
851 982
853 882
853 952
853 1438
854 1501
854 1695
854 1957
854 1634
854 1278
856 1990
856 882
856 1505
856 1698
856 1540
856 1862
856 1458
856 1806
857 1720
857 1328
858 882
858 1776
858 1016
862 1698
864 1720
865 1736
870 973
870 1811
872 1481
874 1237
875 1285
876 1251
877 1932
877 1878
877 1257
877 1036
879 1600
879 1996
880 1299
880 1764
881 1021
882 1990
882 1505
882 1501
882 1698
882 1540
882 1918
882 1720
882 1862
882 1137
882 1299
882 1458
882 1228
882 1128
882 1237
882 1906
882 1207
882 1996
882 889
882 1423
882 1662
882 934
882 1702
882 1767
882 1552
882 1776
882 959
882 1946
882 1389
882 1952
882 1533
882 1553
882 1384
882 1675
882 1727
882 1482
882 1362
882 1958
882 1117
882 935
882 1155
882 1068
882 1982
882 1470
882 1443
882 1326
882 1545
882 1899
882 1475
882 1511
882 1310
882 1461
882 1672
882 1588
882 1715
882 1437
882 1583
882 1426
882 888
882 1454
882 1804
882 1913
882 1322
882 1762
882 999
882 1344
882 1826
882 1257
882 1964
882 1287
882 1024
882 1381
882 1896
882 1059
882 1492
882 1807
882 1855
882 1992
882 1949
882 1852
882 1756
882 1096
882 1921
882 1806
883 1128
883 1425
883 1967
884 1923
886 1809
886 1537
887 1990
888 1698
888 1540
889 1990
889 1501
889 1458
889 975
889 1872
889 1391
889 1067
889 1747
889 897
889 1337
890 1840
891 1990
891 1360
891 1402
891 1568
892 1862
893 1540
893 1612
893 1168
893 1934
895 1540
896 1299
897 1844
899 961
900 1720
904 1720
904 1684
906 945
908 1363
908 1497
908 1242
909 1964
910 1990
910 1421
910 1885
910 1444
911 1982
913 1864
914 1217
914 1157
916 1429
920 1118
920 1625
922 1990
923 1540
923 1918
923 1423
923 1017
923 1892
925 1990
925 1491
926 975
926 1289
928 1990
928 1165
929 1433
930 1918
931 1854
931 1247
934 1505
934 1501
934 1862
934 1790
935 1382
935 1469
937 1720
940 952
940 1207
940 1633
940 1482
940 1909
940 1682
941 1540
941 1862
941 1215
942 1815
944 1470
945 1501
945 1458
946 1754
948 1325
949 994
949 1310
952 1698
952 1720
952 1862
952 1701
952 1809
952 990
952 1795
952 1845
952 1684
952 1329
952 1768
952 1325
952 1086
952 1823
952 1578
952 1817
953 1299
956 1352
956 1102
958 1600
958 1130
959 1501
959 1862
959 1058
959 1876
961 1720
963 1118
965 1391
965 1914
966 1501
966 1698
967 1078
968 1674
969 1990
972 1720
972 1738
972 1468
972 1341
974 1918
974 1679
974 1180
975 1471
975 1832
975 1106
975 1651
976 1990
976 1540
978 1334
979 1302
980 1574
981 1981
981 1556
983 1491
984 1920
988 1505
989 1481
989 1225
990 1720
990 1556
990 1077
990 1713
990 1319
990 1238
991 1803
992 1665
994 1990
994 1505
994 1501
994 1540
994 1396
994 1151
994 1017
994 1744
994 1368
994 1391
994 1736
995 1224
998 1825
998 1673
999 1505
999 1433
999 1526
1001 1137
1001 1310
1002 1990
1004 1720
1005 1227
1005 1821
1008 1458
1009 1052
1010 1030
1011 1340
1012 1720
1012 1169
1012 1062
1012 1958
1017 1990
1017 1862
1017 1351
1017 1532
1018 1505
1018 1501
1018 1996
1019 1501
1019 1845
1022 1642
1023 1537
1025 1319
1026 1195
1027 1966
1027 1309
1028 1505
1028 1431
1028 1082
1029 1457
1030 1698
1030 1800
1031 1990
1031 1906
1031 1633
1031 1738
1031 1958
1032 1505
1032 1237
1033 1237
1033 1396
1033 1805
1034 1540
1037 1562
1037 1553
1038 1505
1039 1631
1039 1399
1039 1742
1040 1720
1041 1501
1041 1878
1041 1763
1041 1285
1041 1215
1043 1501
1043 1433
1044 1434
1044 1256
1044 1106
1052 1206
1053 1698
1055 1425
1058 1540
1058 1299
1058 1471
1058 1984
1058 1359
1060 1501
1061 1612
1061 1876
1062 1458
1062 1118
1062 1188
1063 1568
1064 1160
1065 1695
1065 1694
1068 1501
1068 1620
1068 1778
1071 1862
1071 1363
1071 1952
1071 1969
1072 1505
1074 1918
1074 1937
1075 1990
1075 1782
1075 1427
1076 1505
1076 1137
1077 1698
1078 1738
1079 1701
1080 1990
1080 1501
1081 1456
1083 1897
1085 1540
1086 1353
1087 1540
1088 1862
1088 1814
1089 1540
1090 1501
1090 1491
1090 1835
1090 1745
1091 1342
1092 1363
1092 1101
1094 1845
1098 1854
1099 1103
1100 1906
1100 1907
1101 1695
1102 1695
1102 1139
1102 1997
1107 1433
1107 1734
1108 1763
1112 1991
1112 1854
1112 1863
1113 1698
1115 1851
1117 1559
1118 1505
1118 1720
1118 1471
1118 1878
1118 1326
1118 1903
1118 1280
1121 1996
1121 1447
1123 1638
1124 1720
1124 1458
1124 1905
1128 1540
1128 1918
1128 1835
1128 1433
1128 1277
1128 1129
1128 1710
1129 1686
1129 1474
1129 1186
1129 1778
1130 1396
1130 1485
1131 1894
1133 1803
1137 1990
1137 1505
1137 1501
1137 1540
1137 1918
1137 1862
1137 1431
1137 1782
1137 1384
1137 1329
1137 1486
1137 1238
1137 1499
1137 1794
1137 1690
1137 1807
1138 1698
1139 1396
1139 1765
1140 1990
1140 1501
1140 1663
1141 1280
1141 1143
1142 1990
1142 1698
1142 1299
1142 1527
1147 1181
1147 1367
1148 1720
1148 1582
1148 1571
1149 1698
1150 1299
1151 1990
1151 1946
1151 1717
1152 1505
1152 1343
1153 1662
1153 1158
1155 1963
1155 1574
1157 1421
1158 1505
1159 1505
1160 1657
1160 1876
1160 1594
1161 1431
1161 1533
1162 1343
1163 1350
1164 1738
1164 1778
1165 1990
1165 1698
1165 1759
1168 1958
1169 1302
1169 1726
1169 1748
1171 1698
1173 1540
1174 1505
1174 1717
1177 1990
1178 1990
1178 1501
1178 1893
1178 1908
1179 1990
1179 1540
1179 1958
1180 1490
1182 1431
1183 1200
1184 1990
1184 1767
1186 1642
1187 1401
1187 1545
1188 1540
1190 1990
1191 1326
1192 1695
1193 1505
1194 1471
1194 1532
1194 1912
1197 1396
1198 1643
1198 1981
1199 1862
1199 1643
1200 1720
1200 1359
1200 1764
1201 1720
1201 1299
1201 1975
1201 1364
1204 1299
1205 1825
1205 1848
1206 1600
1207 1990
1207 1501
1207 1918
1207 1325
1207 1447
1207 1605
1207 1750
1207 1419
1207 1492
1208 1677
1209 1981
1209 1507
1210 1458
1210 1996
1212 1501
1215 1540
1216 1707
1216 1275
1217 1540
1218 1312
1223 1990
1224 1505
1224 1612
1225 1951
1225 1673
1226 1951
1226 1428
1226 1229
1226 1448
1228 1990
1228 1501
1228 1698
1228 1774
1228 1477
1228 1760
1230 1643
1233 1362
1234 1540
1234 1918
1237 1505
1237 1501
1237 1698
1237 1540
1237 1918
1237 1862
1237 1458
1237 1403
1237 1991
1237 1449
1237 1593
1237 1349
1237 1550
1238 1350
1239 1763
1242 1757
1243 1540
1244 1505
1245 1990
1246 1586
1247 1990
1251 1990
1251 1530
1253 1388
1253 1648
1255 1575
1259 1720
1260 1794
1261 1600
1262 1743
1263 1302
1264 1918
1266 1600
1269 1429
1270 1307
1272 1662
1275 1723
1276 1299
1277 1524
1280 1925
1282 1506
1283 1698
1284 1990
1285 1838
1290 1396
1291 1302
1292 1951
1298 1990
1298 1858
1299 1990
1299 1505
1299 1698
1299 1540
1299 1918
1299 1396
1299 1951
1299 1996
1299 1744
1299 1875
1299 1825
1299 1634
1299 1672
1299 1780
1299 1380
1299 1921
1299 1518
1300 1540
1300 1814
1301 1911
1302 1990
1302 1814
1302 1619
1303 1373
1303 1592
1307 1990
1307 1491
1307 1670
1310 1744
1311 1537
1311 1817
1312 1695
1314 1990
1314 1718
1315 1720
1318 1633
1318 1940
1321 1698
1321 1740
1322 1990
1323 1329
1325 1486
1326 1540
1327 1505
1327 1957
1329 1990
1329 1389
1330 1708
1331 1963
1332 1431
1334 1505
1334 1797
1337 1990
1337 1540
1338 1505
1339 1632
1339 1810
1340 1990
1341 1633
1343 1746
1346 1505
1346 1600
1346 1957
1347 1618
1348 1990
1348 1655
1350 1501
1350 1540
1350 1918
1350 1449
1350 1705
1350 1810
1351 1884
1351 1770
1352 1990
1352 1505
1352 1600
1352 1981
1352 1431
1352 1396
1352 1622
1352 1887
1353 1945
1354 1505
1355 1600
1359 1458
1359 1471
1359 1633
1359 1745
1361 1720
1361 1815
1361 1496
1362 1599
1363 1501
1363 1701
1363 1932
1363 1738
1363 1768
1363 1367
1367 1595
1368 1941
1370 1626
1372 1740
1372 1647
1373 1431
1373 1396
1373 1770
1375 1433
1376 1698
1376 1442
1378 1844
1379 1780
1380 1472
1382 1772
1383 1990
1384 1758
1388 1643
1388 1811
1390 1726
1393 1540
1393 1957
1395 1834
1396 1505
1396 1862
1396 1405
1396 1877
1398 1941
1399 1471
1401 1471
1403 1990
1403 1770
1405 1553
1407 1862
1407 1413
1409 1503
1409 1557
1410 1947
1414 1962
1416 1643
1417 1633
1417 1553
1417 1825
1418 1861
1418 1758
1419 1815
1420 1501
1420 1540
1423 1757
1423 1838
1423 1657
1423 1522
1423 1852
1423 1725
1424 1458
1425 1540
1425 1701
1425 1904
1426 1815
1427 1698
1429 1699
1429 1686
1429 1983
1431 1505
1431 1501
1431 1698
1431 1862
1431 1695
1431 1672
1431 1502
1432 1599
1433 1675
1434 1862
1434 1819
1440 1990
1446 1798
1447 1698
1447 1540
1448 1698
1449 1505
1449 1870
1450 1698
1451 1953
1453 1471
1453 1841
1454 1891
1455 1952
1458 1990
1458 1505
1458 1501
1458 1698
1458 1918
1458 1720
1458 1643
1458 1906
1458 1684
1458 1952
1458 1879
1459 1612
1461 1540
1463 1990
1464 1501
1465 1990
1469 1990
1470 1600
1471 1918
1471 1837
1471 1591
1473 1543
1474 1707
1475 1809
1476 1990
1476 1698
1476 1594
1478 1740
1478 1757
1480 1482
1481 1501
1481 1912
1481 1666
1483 1941
1483 1645
1484 1918
1485 1698
1485 1694
1486 1505
1486 1503
1489 1720
1491 1990
1491 1505
1491 1893
1491 1528
1491 1813
1493 1599
1496 1990
1496 1540
1496 1601
1500 1501
1501 1990
1501 1505
1501 1698
1501 1540
1501 1918
1501 1720
1501 1862
1501 1600
1501 1701
1501 1695
1501 1951
1501 1999
1501 1952
1501 1783
1501 1886
1501 1729
1501 1503
1501 1960
1501 1745
1501 1784
1501 1800
1501 1962
1501 1718
1501 1989
1501 1644
1501 1523
1501 1561
1501 1822
1501 1582
1501 1554
1501 1889
1501 1865
1501 1851
1501 1781
1501 1834
1502 1698
1505 1990
1505 1698
1505 1540
1505 1918
1505 1720
1505 1862
1505 1600
1505 1612
1505 1643
1505 1957
1505 1906
1505 1814
1505 1740
1505 1757
1505 1527
1505 1662
1505 1699
1505 1675
1505 1854
1505 1893
1505 1577
1505 1589
1505 1742
1505 1899
1505 1800
1505 1624
1505 1667
1505 1994
1505 1966
1505 1517
1505 1642
1505 1572
1505 1627
1505 1842
1505 1576
1505 1703
1505 1607
1505 1578
1505 1601
1505 1985
1505 1760
1511 1720
1512 1698
1513 1540
1513 1654
1517 1680
1518 1795
1522 1990
1522 1675
1523 1990
1529 1862
1530 1951
1532 1862
1533 1698
1533 1599
1534 1698
1535 1990
1536 1990
1539 1893
1539 1942
1540 1990
1540 1698
1540 1918
1540 1720
1540 1862
1540 1701
1540 1643
1540 1757
1540 1767
1540 1675
1540 1963
1540 1674
1540 1734
1540 1755
1540 1883
1540 1930
1540 1780
1540 1804
1540 1798
1540 1833
1540 1927
1540 1557
1540 1858
1540 1785
1540 1733
1543 1698
1543 1556
1543 1641
1545 1894
1551 1990
1552 1612
1553 1649
1554 1722
1554 1709
1555 1998
1556 1951
1556 1751
1557 1990
1562 1667
1565 1932
1569 1643
1569 1906
1581 1924
1586 1977
1596 1990
1599 1698
1599 1862
1599 1930
1599 1714
1600 1990
1600 1918
1602 1795
1603 1878
1603 1640
1605 1698
1612 1674
1622 1698
1625 1742
1631 1686
1632 1916
1634 1720
1635 1975
1638 1950
1643 1698
1643 1862
1643 1816
1643 1998
1643 1791
1644 1918
1644 1893
1652 1899
1656 1695
1657 1720
1657 1886
1661 1957
1662 1803
1662 1956
1665 1918
1667 1815
1671 1886
1674 1845
1674 1875
1675 1776
1678 1681
1678 1894
1684 1891
1684 1696
1686 1698
1691 1827
1692 1698
1695 1918
1695 1856
1695 1896
1696 1990
1698 1990
1698 1918
1698 1720
1698 1862
1698 1814
1698 1815
1698 1809
1698 1951
1698 1999
1698 1699
1698 1825
1698 1976
1698 1714
1698 1792
1698 1872
1698 1856
1698 1851
1698 1810
1699 1957
1700 1877
1701 1990
1701 1885
1702 1918
1705 1906
1707 1990
1707 1708
1707 1886
1708 1754
1710 1990
1713 1720
1720 1990
1720 1809
1720 1936
1720 1890
1720 1909
1720 1773
1720 1837
1720 1798
1720 1994
1720 1931
1720 1882
1720 1971
1720 1888
1727 1854
1732 1957
1734 1918
1737 1993
1738 1891
1739 1941
1741 1895
1745 1754
1746 1952
1751 1952
1751 1993
1755 1845
1758 1879
1763 1892
1765 1864
1773 1984
1782 1907
1803 1946
1805 1990
1809 1990
1809 1981
1809 1849
1813 1958
1814 1990
1814 1928
1819 1891
1821 1918
1822 1862
1833 1862
1835 1918
1836 1984
1837 1990
1844 1857
1845 1945
1859 1896
1862 1990
1862 1918
1862 1999
1862 1904
1862 1897
1862 1950
1863 1918
1875 1984
1876 1990
1876 1918
1876 1887
1877 1990
1878 1990
1884 1990
1884 1986
1885 1918
1887 1990
1888 1899
1892 1897
1894 1941
1899 1990
1906 1947
1909 1918
1916 1991
1918 1990
1918 1993
1918 1976
1918 1972
1928 1990
1957 1990
1957 1989
1958 1990
1974 1990
1981 1990
1981 1996
