500
692
0 297
0 189
1 252
2 190
3 241
3 463
3 313
4 130
4 370
5 233
5 362
6 241
7 241
8 241
8 130
8 233
8 412
8 371
8 497
8 445
11 241
11 86
15 287
16 60
16 131
17 241
18 241
18 208
18 323
18 51
18 152
19 241
19 262
20 68
21 383
22 306
23 38
24 241
24 361
24 443
25 241
25 146
26 393
26 299
27 241
28 306
28 130
28 39
29 241
30 343
30 361
30 453
31 220
31 223
31 474
32 176
35 51
35 145
36 330
37 330
37 130
37 343
38 241
39 382
41 375
42 276
42 176
42 488
43 241
43 306
44 241
44 383
44 463
44 329
44 74
44 495
45 385
46 241
47 241
47 136
47 175
48 191
48 266
48 166
48 293
49 463
50 351
51 68
52 226
55 255
57 241
57 146
57 171
57 371
58 68
58 119
58 142
59 241
60 241
60 306
60 146
60 68
60 226
60 307
60 323
60 89
60 74
62 263
63 423
64 241
64 330
64 130
64 119
65 330
66 241
66 130
68 241
68 330
68 351
68 383
68 252
68 193
68 270
68 176
68 438
68 89
68 282
68 496
68 269
68 129
68 335
68 430
68 328
70 241
70 130
71 285
74 241
76 380
76 87
78 363
78 339
79 241
79 136
79 287
80 280
80 178
82 195
83 280
84 241
84 90
86 241
86 221
86 393
86 435
86 447
87 191
87 432
87 462
87 269
89 131
89 284
90 241
90 430
91 130
92 252
93 241
93 297
93 440
94 357
95 241
95 429
95 488
96 241
96 398
97 211
99 245
100 368
100 257
101 260
101 340
102 287
104 221
105 434
106 241
106 226
107 383
107 226
109 241
110 241
110 351
110 412
111 241
111 412
113 241
114 241
114 360
114 221
114 156
114 371
114 457
117 373
117 472
118 241
118 330
118 208
119 241
119 306
119 221
119 223
119 283
119 310
120 221
121 241
122 352
123 241
123 300
123 334
124 136
125 447
126 220
126 416
127 280
128 241
128 425
130 241
130 330
130 351
130 191
130 229
130 220
130 256
130 312
130 181
130 206
130 174
130 426
130 377
130 219
130 392
130 259
131 360
132 241
132 283
134 157
136 241
136 330
136 351
136 306
136 191
136 297
136 357
136 371
136 462
136 439
136 431
136 290
136 283
136 445
136 303
138 256
138 325
139 383
139 485
143 279
145 266
146 241
146 330
146 351
146 306
146 383
146 233
146 266
146 363
146 234
146 498
146 287
146 186
146 148
146 181
146 180
146 417
146 459
146 483
146 327
147 368
148 241
149 241
149 223
149 362
150 379
151 289
153 351
153 306
153 157
154 241
154 210
155 343
156 241
156 412
156 220
156 340
156 484
157 468
158 241
159 330
160 261
161 241
161 398
161 252
161 282
161 203
163 432
166 375
166 443
167 241
167 220
167 218
170 470
171 241
175 241
175 361
176 241
176 226
176 218
177 395
178 241
178 233
181 383
181 193
185 363
185 285
185 489
186 241
186 358
187 400
188 248
189 241
189 494
189 316
189 427
190 300
190 252
190 332
191 241
191 330
191 300
191 491
191 416
193 241
193 491
194 346
195 241
197 330
197 427
198 234
199 412
199 284
201 241
201 360
201 424
202 484
202 256
203 358
203 207
204 241
204 351
204 383
204 300
204 220
204 498
204 379
207 280
208 494
210 343
211 241
211 299
212 485
213 241
214 255
217 330
217 267
218 300
219 360
220 241
220 330
220 395
220 299
221 329
221 284
221 312
221 332
221 335
221 394
222 330
222 329
223 375
223 377
223 230
224 241
225 351
225 368
225 246
226 241
226 330
226 438
228 363
229 241
229 330
229 351
229 440
229 486
229 405
231 343
232 241
232 330
232 357
233 241
233 260
233 300
233 357
233 318
234 241
234 252
234 476
235 330
237 280
237 406
237 391
238 241
238 330
238 498
238 298
239 241
240 241
240 289
241 330
241 351
241 306
241 383
241 260
241 398
241 266
241 363
241 300
241 252
241 343
241 412
241 361
241 280
241 395
241 297
241 360
241 463
241 342
241 357
241 382
241 498
241 399
241 494
241 429
241 329
241 440
241 287
241 270
241 307
241 374
241 400
241 442
241 450
241 432
241 323
241 479
241 276
241 316
241 427
241 454
241 247
241 326
241 336
241 314
241 370
241 378
241 467
241 486
241 312
241 271
241 496
241 462
241 465
241 491
241 482
241 425
241 423
241 415
241 250
241 381
241 261
241 414
241 290
241 466
241 257
241 304
241 344
241 308
241 420
241 353
241 478
241 254
241 295
241 485
241 364
241 389
241 334
241 333
241 274
241 455
241 298
241 313
241 338
241 310
241 387
241 303
244 436
247 342
247 384
247 492
250 260
250 426
250 285
251 351
252 330
252 316
254 280
255 351
255 370
256 385
257 351
257 343
257 309
258 404
260 383
260 323
260 291
260 302
262 288
264 351
264 348
265 300
266 330
266 351
266 306
266 432
266 282
266 476
266 378
266 358
266 457
266 321
270 361
271 363
275 448
276 330
276 337
277 384
279 351
280 330
280 354
280 364
281 282
282 488
284 363
284 426
286 351
286 357
287 494
291 465
294 463
296 419
297 330
297 351
297 342
297 451
300 429
300 491
300 344
302 463
306 330
306 351
306 326
306 423
306 333
307 463
309 330
309 321
310 351
311 454
312 342
312 471
314 330
316 450
317 330
322 351
324 422
326 328
329 351
330 351
330 383
330 398
330 412
330 395
330 463
330 375
330 342
330 337
330 440
330 400
330 479
330 454
330 406
330 331
330 462
330 499
330 407
330 414
330 346
330 345
330 497
330 460
330 332
330 492
330 420
330 435
330 422
330 352
331 351
331 440
335 475
337 351
341 351
342 398
342 443
342 475
343 383
343 380
346 358
348 412
350 383
351 383
351 382
351 498
351 429
351 374
351 442
351 490
351 407
351 355
351 379
353 443
353 478
355 394
362 404
363 383
363 450
365 465
366 395
368 470
373 411
375 454
378 495
380 398
382 383
383 398
383 463
383 495
383 424
392 438
395 410
396 440
398 463
398 473
400 466
405 441
406 438
411 457
416 450
417 463
423 429
423 470
424 499
450 496
451 460
463 473
