0.01 0 0 0
0.02 0.00236252 0.00353879 0.00934526
0.03 0.0290457 0.000313181 0.0285963
0.04 0.0450697 0.000142605 0.0446057
0.05 0.0592958 0.000231947 0.0585209
0.06 0.0723428 0.000185447 0.0710068
0.07 0.0839251 0.000378613 0.0824921
0.08 0.094927 0.00027136 0.093249
0.09 0.10578 0.000144647 0.103459
0.1 0.115815 0.000208115 0.113249
0.11 0.125762 0.000368933 0.122712
0.12 0.134936 0.000235543 0.131915
0.13 0.144096 0.000302592 0.140898
0.14 0.153581 0.000182573 0.149688
0.15 0.162553 0.000337556 0.158295
0.16 0.171315 0.000299087 0.166723
0.17 0.180192 0.000120751 0.17497
0.18 0.189066 0.000377558 0.183035
0.19 0.197539 0.00035248 0.190916
0.2 0.205718 0.000453132 0.198613
0.21 0.213755 0.000377935 0.206123
0.22 0.221876 0.000346737 0.21345
0.23 0.229891 0.000385733 0.220591
0.24 0.237141 0.000139096 0.227552
0.25 0.244999 0.000236211 0.234334
0.26 0.252026 0.000369362 0.240939
0.27 0.259539 0.00055939 0.247372
0.28 0.26653 0.000256086 0.253636
0.29 0.273219 0.000505789 0.259736
0.3 0.280126 0.000237588 0.265675
0.31 0.286627 0.000212177 0.271459
0.32 0.293148 0.000358061 0.277092
0.33 0.299214 0.000262919 0.282578
0.34 0.305462 0.000247943 0.287922
0.35 0.311516 0.000283939 0.293131
0.36 0.317368 0.000349726 0.298204
0.37 0.323203 0.000252277 0.303149
0.38 0.328575 0.00020439 0.307971
0.39 0.334223 0.000302285 0.312673
0.4 0.339559 0.000252878 0.317256
0.41 0.344784 0.000225655 0.321728
0.42 0.349632 0.000389781 0.326089
0.43 0.354789 0.000388752 0.330346
0.44 0.359462 0.000220496 0.3345
0.45 0.364339 0.000208392 0.338555
0.46 0.368923 0.000209433 0.342513
0.47 0.373419 0.000250931 0.346378
0.48 0.377739 0.000305115 0.350155
0.49 0.382141 0.000241321 0.353842
0.5 0.386193 0.000172247 0.357442
0.51 0.390598 0.000145087 0.360964
0.52 0.394597 0.000320218 0.364399
0.53 0.398464 0.000233328 0.367762
0.54 0.402436 0.000250089 0.371047
0.55 0.406204 0.000273 0.374259
0.56 0.409708 0.000270451 0.377397
0.57 0.413457 0.000329008 0.380465
0.58 0.417203 0.000196398 0.383467
0.59 0.420459 0.00022293 0.3864
0.6 0.423926 0.0002184 0.389275
0.61 0.427072 0.000457749 0.392082
0.62 0.430417 0.00019996 0.39483
0.63 0.433622 0.000151483 0.39752
0.64 0.436724 0.000306713 0.40015
0.65 0.439534 0.000202205 0.402726
0.66 0.442725 0.000211535 0.405247
0.67 0.445477 0.000138417 0.407715
0.68 0.448395 0.000145659 0.410134
0.69 0.451039 0.000156813 0.412497
0.7 0.453683 0.000147146 0.414816
0.71 0.456428 0.000276582 0.417089
0.72 0.459062 0.000237771 0.419314
0.73 0.461615 0.000181633 0.421497
0.74 0.463982 0.000123807 0.423632
0.75 0.466433 0.000148339 0.425727
0.76 0.468899 0.000196393 0.427778
0.77 0.471215 0.000169146 0.429787
0.78 0.473205 0.000180829 0.431759
0.79 0.475452 0.000124567 0.433695
0.8 0.477655 0.000115802 0.43559
0.81 0.479775 0.000132565 0.437448
0.82 0.481845 0.000196922 0.43927
0.83 0.483814 0.000113951 0.441063
0.839999 0.485829 0.000212848 0.442818
0.849999 0.48767 9.78065e-05 0.444538
0.859999 0.489522 0.000142994 0.446226
0.869999 0.491382 0.000111683 0.447884
0.879999 0.493059 0.000119813 0.449512
0.889999 0.494799 9.13672e-05 0.451107
0.899999 0.49652 7.31504e-05 0.452678
0.909999 0.498187 6.86607e-05 0.454212
0.919999 0.499812 0.000147743 0.455725
0.929999 0.501398 8.88462e-05 0.457208
0.939999 0.502976 9.31468e-05 0.458663
0.949999 0.50452 7.09367e-05 0.460094
0.959999 0.506108 8.16456e-05 0.461493
0.969999 0.507404 8.65476e-05 0.462873
0.979999 0.508915 9.29553e-05 0.464224
0.989999 0.510305 7.68912e-05 0.465558
0.999999 0.511729 0.000118962 0.466866
