0.01 0 0 0.00563753
0.02 0.0452597 0.000275728 0.0455631
0.03 0.0754885 0.000711946 0.0761245
0.04 0.101423 0.000322776 0.10186
0.05 0.123981 0.000340559 0.124816
0.06 0.144508 0.000664141 0.146026
0.07 0.16401 0.000385973 0.166063
0.08 0.18304 0.000341014 0.185215
0.09 0.200537 0.000655156 0.203586
0.1 0.216841 0.000551799 0.221197
0.11 0.233543 0.000717622 0.238051
0.12 0.249541 0.000704625 0.254154
0.13 0.264712 0.000368615 0.269519
0.14 0.279152 0.000457279 0.284165
0.15 0.292721 0.000500414 0.29812
0.16 0.306037 0.000483343 0.311411
0.17 0.318484 0.00037552 0.324071
0.18 0.330804 0.000301354 0.336136
0.19 0.342658 0.00078226 0.347638
0.2 0.353903 0.000504191 0.35861
0.21 0.364751 0.000591118 0.369083
0.22 0.375301 0.000439377 0.379087
0.23 0.384783 0.000400306 0.388652
0.24 0.394199 0.000896705 0.3978
0.25 0.403016 0.0003415 0.406557
0.26 0.412128 0.000642941 0.414946
0.27 0.420437 0.000349707 0.422983
0.28 0.428035 0.000523833 0.430695
0.29 0.435945 0.000332218 0.438092
0.3 0.443488 0.000427986 0.445195
0.31 0.450144 0.000474244 0.452017
0.32 0.457143 0.000699323 0.458571
0.33 0.464346 0.00058225 0.464871
0.34 0.470376 0.000676624 0.470935
0.35 0.476424 0.000369936 0.476773
0.36 0.482194 0.000501554 0.482392
0.37 0.488137 0.000305553 0.487806
0.38 0.493651 0.000260429 0.493027
0.39 0.498916 0.000735823 0.498062
0.4 0.504484 0.000351686 0.502917
0.41 0.509344 0.000338154 0.507608
0.42 0.514143 0.000158663 0.51214
0.43 0.518746 0.000350592 0.516516
0.44 0.523319 0.000335044 0.520752
0.45 0.528073 0.000497456 0.524846
0.46 0.531796 0.000357099 0.528807
0.47 0.536091 0.000408602 0.532642
0.48 0.540123 0.000299923 0.536357
0.49 0.544082 0.00027271 0.539951
0.5 0.547437 0.000268699 0.543444
0.51 0.551003 0.000384824 0.546825
0.52 0.554616 0.00041456 0.550101
0.53 0.558243 0.000413395 0.553286
0.54 0.561562 0.000221963 0.556369
0.55 0.564778 0.000395948 0.559371
0.56 0.56782 0.000325894 0.56228
0.57 0.57101 0.000405354 0.565107
0.58 0.573773 0.000129591 0.567855
0.59 0.576462 0.000283624 0.570529
0.6 0.57943 0.000287796 0.573128
0.61 0.582281 0.00024263 0.575653
0.62 0.584829 0.000201728 0.578108
0.63 0.587695 0.000303154 0.580506
0.64 0.590052 0.000169266 0.582833
0.65 0.592098 0.000415104 0.585093
0.66 0.59439 0.000403917 0.587306
0.67 0.596981 0.000357259 0.589448
0.68 0.59932 0.000364533 0.591543
0.69 0.601214 0.000286013 0.593584
0.7 0.60308 0.000285671 0.595574
0.71 0.605549 0.000245902 0.597514
0.72 0.607306 0.000451833 0.599398
0.73 0.609307 0.000278758 0.601246
0.74 0.611136 0.00025637 0.603045
0.75 0.6131 0.000244077 0.604793
0.76 0.614657 0.000275545 0.6065
0.77 0.616517 0.000290249 0.608174
0.78 0.618118 0.000159351 0.609799
0.79 0.619851 0.000165063 0.611388
0.8 0.62127 0.000268072 0.61294
0.81 0.623155 0.000312773 0.614461
0.82 0.624786 0.000277985 0.615936
0.83 0.626184 0.000207192 0.617378
0.839999 0.627552 0.000177489 0.618795
0.849999 0.628997 0.000280662 0.620171
0.859999 0.630511 0.000246 0.621518
0.869999 0.631723 0.000214689 0.622827
0.879999 0.633114 0.000317426 0.624117
0.889999 0.634336 0.000198893 0.625376
0.899999 0.635825 0.000204066 0.626599
0.909999 0.636595 0.000174726 0.627802
0.919999 0.638109 0.000271562 0.628975
0.929999 0.639238 0.000133391 0.630122
0.939999 0.640175 0.000151581 0.63124
0.949999 0.641314 0.000242198 0.632343
0.959999 0.642596 0.000195268 0.633415
0.969999 0.643454 0.000296206 0.63446
0.979999 0.644441 0.000139191 0.635491
0.989999 0.645383 0.000221611 0.636489
0.999999 0.646592 0.000326349 0.637471
