0.01 0.1505 0.001348 0.153443
0.02 0.263654 0.00170337 0.273538
0.03 0.352744 0.0015346 0.367956
0.04 0.424786 0.00140835 0.441532
0.05 0.484091 0.00144484 0.499547
0.06 0.528777 0.00125471 0.546182
0.07 0.568017 0.00160343 0.584298
0.08 0.601362 0.00099237 0.615933
0.09 0.628156 0.00111166 0.642575
0.1 0.651554 0.0011303 0.665307
0.11 0.671936 0.00171171 0.684928
0.12 0.690402 0.000709914 0.702034
0.13 0.707009 0.000856522 0.71708
0.14 0.720867 0.000506448 0.730418
0.15 0.734039 0.000699533 0.742319
0.16 0.745526 0.00106162 0.753008
0.17 0.756155 0.00052422 0.762664
0.18 0.765205 0.000572558 0.771419
0.19 0.773052 0.000548319 0.779399
0.2 0.781536 0.000747139 0.786707
0.21 0.789191 0.000417598 0.793414
0.22 0.795636 0.000421514 0.799598
0.23 0.800775 0.000416388 0.805313
0.24 0.807091 0.00063161 0.810608
0.25 0.811751 0.000482579 0.81553
0.26 0.816467 0.000580411 0.82012
0.27 0.821648 0.000479204 0.824404
0.28 0.825769 0.000666744 0.828413
0.29 0.829731 0.000300274 0.832176
0.3 0.833193 0.000212719 0.8357
0.31 0.836921 0.000425845 0.839019
0.32 0.840105 0.000275097 0.842148
0.33 0.843279 0.000503613 0.845109
0.34 0.846289 0.000471233 0.847902
0.35 0.848919 0.000358859 0.850543
0.36 0.851787 0.000581992 0.853043
0.37 0.854146 0.000477114 0.85542
0.38 0.85642 0.000345298 0.857672
0.39 0.858991 0.000396428 0.859824
0.4 0.860985 0.000511999 0.861867
0.41 0.862626 0.000343315 0.863813
0.42 0.864483 0.000346738 0.865666
0.43 0.866986 0.000342177 0.867431
0.44 0.868193 0.000280502 0.869125
0.45 0.869884 0.000159474 0.870733
0.46 0.871696 0.000395368 0.872286
0.47 0.87341 0.000322839 0.873759
0.48 0.874728 0.000270966 0.875173
0.49 0.875799 0.000327421 0.876536
0.5 0.877607 0.000170821 0.877837
0.51 0.8786 0.000148384 0.879091
0.52 0.879939 0.000333743 0.88029
0.53 0.880842 0.000200932 0.881439
0.54 0.882138 0.000344321 0.882555
0.55 0.883193 0.000198193 0.883609
0.56 0.884487 0.000378765 0.884643
0.57 0.885373 0.000264089 0.885618
0.58 0.886247 0.000211371 0.886576
0.59 0.887236 0.000303807 0.887488
0.6 0.888246 0.000240396 0.888371
0.61 0.889161 0.000213749 0.889224
0.62 0.889589 0.000236036 0.890048
0.63 0.890552 0.000332936 0.890833
0.64 0.891531 0.000181203 0.891596
0.65 0.892487 0.000384388 0.892339
0.66 0.892888 0.000276699 0.893047
0.67 0.893502 0.000306374 0.893726
0.68 0.894325 0.00030919 0.894398
0.69 0.895043 0.000161652 0.89504
0.7 0.895553 0.00023454 0.895661
0.71 0.896229 0.000275585 0.896259
0.72 0.896779 0.000162566 0.896826
0.73 0.897558 0.00022232 0.897394
0.74 0.897884 0.000173799 0.89792
0.75 0.898418 0.000163482 0.898455
0.76 0.898976 0.000208967 0.89895
0.77 0.899473 0.000210335 0.899449
0.78 0.899941 0.000174955 0.899933
0.79 0.900412 0.000264774 0.900379
0.8 0.900817 0.000166246 0.900832
0.81 0.901276 0.000168694 0.901255
0.82 0.901842 0.000231605 0.901677
0.83 0.902129 0.000115989 0.902078
0.839999 0.902562 0.000171745 0.902465
0.849999 0.903031 0.000231079 0.902845
0.859999 0.903346 0.000150909 0.903216
0.869999 0.903737 0.000214028 0.903549
0.879999 0.904024 0.000192715 0.90391
0.889999 0.90441 9.49791e-05 0.904229
0.899999 0.904625 0.000375111 0.904559
0.909999 0.904868 0.000230049 0.904858
0.919999 0.90506 0.000201351 0.905153
0.929999 0.905477 0.000181473 0.905447
0.939999 0.905863 0.000307223 0.905727
0.949999 0.906178 0.000176781 0.906004
0.959999 0.906491 0.000295099 0.906269
0.969999 0.906498 0.000219797 0.90653
0.979999 0.906895 0.00024624 0.906772
0.989999 0.907054 9.69869e-05 0.906985
0.999999 0.907505 0.000174067 0.90723
