0.01 0 0 0
0.02 0 0 0
0.03 0 0 0
0.04 0 0 6.19297e-05
0.05 0 0 0.0356293
0.06 0.00113992 0.0077591 0.0767991
0.07 0.102787 0.00287673 0.117938
0.08 0.145765 0.00313821 0.157276
0.09 0.184107 0.00165704 0.193995
0.1 0.217953 0.0010853 0.227809
0.11 0.250747 0.00197975 0.258725
0.12 0.280118 0.00212979 0.286898
0.13 0.307535 0.00151328 0.312547
0.14 0.331168 0.00200118 0.335912
0.15 0.353425 0.00128026 0.357222
0.16 0.372408 0.00137559 0.376698
0.17 0.392285 0.00160597 0.394534
0.18 0.408285 0.00219362 0.410905
0.19 0.424399 0.00185154 0.425966
0.2 0.439047 0.00177544 0.439854
0.21 0.452044 0.00099898 0.452688
0.22 0.465823 0.000665706 0.464575
0.23 0.47672 0.00073358 0.475606
0.24 0.487405 0.00135615 0.485863
0.25 0.497382 0.00085105 0.495418
0.26 0.507159 0.00134382 0.504336
0.27 0.515476 0.00104646 0.512672
0.28 0.523529 0.000732033 0.520476
0.29 0.530365 0.000785505 0.527795
0.3 0.537029 0.000686606 0.534667
0.31 0.544229 0.00080472 0.541129
0.32 0.550926 0.00121613 0.547212
0.33 0.557361 0.00108383 0.552946
0.34 0.561743 0.00102783 0.558356
0.35 0.567377 0.00181531 0.563467
0.36 0.57256 0.000494813 0.568299
0.37 0.576996 0.000980482 0.572873
0.38 0.581826 0.000744448 0.577206
0.39 0.586185 0.000780687 0.581314
0.4 0.588719 0.000882723 0.585212
0.41 0.593205 0.000651862 0.588913
0.42 0.596206 0.000877927 0.592431
0.43 0.599757 0.00122559 0.595775
0.44 0.603106 0.000949233 0.598957
0.45 0.605827 0.000450339 0.601988
0.46 0.608573 0.000620853 0.604874
0.47 0.611863 0.000899953 0.607625
0.48 0.613371 0.00111217 0.610249
0.49 0.615957 0.00105122 0.612752
0.5 0.619019 0.000639174 0.615142
0.51 0.621302 0.000546672 0.617424
0.52 0.623448 0.00073787 0.619603
0.53 0.625356 0.00041833 0.621687
0.54 0.627069 0.000781704 0.623678
0.55 0.628606 0.000592738 0.625583
0.56 0.630177 0.000346073 0.627406
0.57 0.63244 0.000744599 0.629149
0.58 0.634101 0.000416548 0.630818
0.59 0.63545 0.000658161 0.632416
0.6 0.636708 0.000523488 0.633946
0.61 0.638615 0.000808657 0.635413
0.62 0.639663 0.000354849 0.636816
0.63 0.640961 0.00060173 0.638162
0.64 0.6423 0.000745448 0.639452
0.65 0.643336 0.00061038 0.640688
0.66 0.644286 0.00089527 0.641873
0.67 0.645596 0.000714836 0.643009
0.68 0.646398 0.000448691 0.644098
0.69 0.647173 0.00036437 0.645142
0.7 0.647867 0.000891046 0.646144
0.71 0.649195 0.000795675 0.647105
0.72 0.650264 0.000774612 0.648025
0.73 0.650887 0.000349594 0.648908
0.74 0.651577 0.000720056 0.649755
0.75 0.65233 0.000609008 0.650567
0.76 0.653046 0.000652913 0.651346
0.77 0.653509 0.000595826 0.652092
0.78 0.654324 0.000675994 0.652808
0.79 0.65495 0.000453319 0.653494
0.8 0.655694 0.00040384 0.654152
0.81 0.656112 0.000468847 0.654783
0.82 0.656727 0.000475575 0.655387
0.83 0.657218 0.000655494 0.655966
0.839999 0.657641 0.000535951 0.65652
0.849999 0.657567 0.000438716 0.657053
0.859999 0.658158 0.00065568 0.657561
0.869999 0.658702 0.000721671 0.658047
0.879999 0.659312 0.000947321 0.658512
0.889999 0.659987 0.000275574 0.658958
0.899999 0.660367 0.000603618 0.659385
0.909999 0.660817 0.000629304 0.659792
0.919999 0.660723 0.000441243 0.660182
0.929999 0.660818 0.000508697 0.660554
0.939999 0.661515 0.000520913 0.66091
0.949999 0.6618 0.000513605 0.66125
0.959999 0.662311 0.000472867 0.661574
0.969999 0.662085 0.000316495 0.661883
0.979999 0.662333 0.000262559 0.662176
0.989999 0.662737 0.000651581 0.662458
0.999999 0.663562 0.000591175 0.662726
