0.01 0 0 0
0.02 0 0 0
0.03 0 0 0
0.04 0 0 0
0.05 0 0 0
0.06 0 0 0
0.07 0 0 0
0.08 0 0 0.0120808
0.09 0 0 0.0308177
0.1 0.00095312 0.00468392 0.0503291
0.11 0.0385962 0.0342138 0.0700608
0.12 0.0932256 0.00180944 0.0896275
0.13 0.115264 0.00154089 0.108773
0.14 0.13565 0.00130015 0.127332
0.15 0.155011 0.00107234 0.145199
0.16 0.172737 0.00100542 0.162315
0.17 0.190373 0.00118871 0.178654
0.18 0.207461 0.000974556 0.194209
0.19 0.225117 0.00152448 0.208992
0.2 0.239131 0.000841764 0.223025
0.21 0.253232 0.00102684 0.236334
0.22 0.266734 0.000641869 0.248952
0.23 0.279184 0.000901821 0.260914
0.24 0.292394 0.00132852 0.272253
0.25 0.304411 0.00119324 0.283005
0.26 0.314736 0.0010343 0.293203
0.27 0.325966 0.00142164 0.30288
0.28 0.33519 0.00127994 0.312067
0.29 0.34494 0.000706201 0.320794
0.3 0.353933 0.00134489 0.329089
0.31 0.361505 0.00102759 0.336978
0.32 0.37015 0.000888848 0.344486
0.33 0.376726 0.00086348 0.351635
0.34 0.384239 0.00126955 0.358446
0.35 0.390969 0.000840444 0.364941
0.36 0.39768 0.000720948 0.371137
0.37 0.403324 0.000561411 0.377052
0.38 0.409186 0.000795455 0.382702
0.39 0.414947 0.000458708 0.388101
0.4 0.419845 0.000496513 0.393265
0.41 0.424967 0.000537616 0.398206
0.42 0.429759 0.000469849 0.402935
0.43 0.433962 0.000767474 0.407465
0.44 0.438194 0.00048041 0.411807
0.45 0.442075 0.000407391 0.415969
0.46 0.446291 0.000505509 0.419961
0.47 0.450244 0.000640516 0.423792
0.48 0.453717 0.000534392 0.42747
0.49 0.45729 0.000854555 0.431002
0.5 0.460387 0.000514257 0.434397
0.51 0.463312 0.000381835 0.43766
0.52 0.46639 0.000592778 0.440797
0.53 0.469085 0.000278835 0.443815
0.54 0.471756 0.000488874 0.446719
0.55 0.474557 0.000534969 0.449514
0.56 0.476779 0.000296545 0.452206
0.57 0.478771 0.000529995 0.454799
0.58 0.481024 0.000379955 0.457297
0.59 0.483291 0.000473482 0.459705
0.6 0.485103 0.000264538 0.462025
0.61 0.487155 0.000413082 0.464264
0.62 0.4886 0.000347324 0.466422
0.63 0.490681 0.000282846 0.468505
0.64 0.492247 0.000401322 0.470514
0.65 0.494226 0.000278877 0.472454
0.66 0.495591 0.000315811 0.474326
0.67 0.49669 0.000245967 0.476135
0.68 0.498242 0.000145918 0.477881
0.69 0.499765 0.000360238 0.479568
0.7 0.501097 0.000282122 0.481197
0.71 0.502052 0.000224784 0.482772
0.72 0.503137 0.000275013 0.484294
0.73 0.504316 0.000458349 0.485765
0.74 0.505517 0.000136173 0.487187
0.75 0.506443 0.000201975 0.488561
0.76 0.507567 0.000230659 0.489891
0.77 0.50818 0.000228188 0.491176
0.78 0.509053 0.00029995 0.492419
0.79 0.509909 0.000234425 0.493622
0.8 0.510734 0.000217621 0.494785
0.81 0.51156 0.000151993 0.495911
0.82 0.512352 0.000178684 0.497
0.83 0.513013 0.000139739 0.498053
0.839999 0.513597 0.000185839 0.499073
0.849999 0.514191 0.000178938 0.500059
0.859999 0.515032 0.000202973 0.501013
0.869999 0.515541 0.000247657 0.501937
0.879999 0.51599 0.000181185 0.50283
0.889999 0.51659 9.9313e-05 0.503696
0.899999 0.517193 0.000278369 0.504533
0.909999 0.51755 0.000282394 0.505343
0.919999 0.517945 0.000164043 0.506127
0.929999 0.518433 0.000175028 0.506885
0.939999 0.518938 0.000245863 0.507619
0.949999 0.519403 0.000196961 0.50833
0.959999 0.51987 0.000197232 0.509017
0.969999 0.520299 0.000326765 0.509683
0.979999 0.520448 0.000170236 0.510326
0.989999 0.521059 0.00015771 0.510949
0.999999 0.521324 0.000114572 0.511551
