0.01 0 0 0.00956489
0.02 0.10957 0.00592327 0.141899
0.03 0.244784 0.00128102 0.281233
0.04 0.353863 0.00343306 0.387931
0.05 0.438762 0.00260446 0.467596
0.06 0.505773 0.00161268 0.528344
0.07 0.556405 0.00121057 0.575921
0.08 0.59894 0.00205457 0.6141
0.09 0.631352 0.00130946 0.645381
0.1 0.659345 0.000671354 0.671464
0.11 0.684004 0.000737961 0.693535
0.12 0.703983 0.000758331 0.712447
0.13 0.721792 0.000960389 0.728831
0.14 0.737345 0.000900789 0.743154
0.15 0.75 0.00108468 0.75578
0.16 0.761729 0.00103121 0.766993
0.17 0.772807 0.00102991 0.777011
0.18 0.782455 0.000763736 0.786015
0.19 0.790901 0.000771084 0.794146
0.2 0.798706 0.000761 0.801524
0.21 0.805923 0.000646801 0.808249
0.22 0.811966 0.000544903 0.814399
0.23 0.817822 0.000864808 0.820044
0.24 0.823412 0.000543959 0.825241
0.25 0.828236 0.00057675 0.830039
0.26 0.833101 0.000368986 0.834483
0.27 0.837424 0.000278519 0.838607
0.28 0.841285 0.000451971 0.842442
0.29 0.844593 0.000534711 0.846018
0.3 0.848535 0.000330289 0.849358
0.31 0.851679 0.000600539 0.852484
0.32 0.854537 0.000329114 0.855413
0.33 0.857374 0.000783325 0.858165
0.34 0.859756 0.000401022 0.86075
0.35 0.862863 0.000224841 0.863183
0.36 0.865022 0.000367745 0.865482
0.37 0.867464 0.000391452 0.867647
0.38 0.869757 0.000365681 0.869693
0.39 0.871452 0.000355575 0.871629
0.4 0.872913 0.000273845 0.873465
0.41 0.87463 0.000468999 0.875205
0.42 0.876687 0.000297824 0.876855
0.43 0.87804 0.000339633 0.878418
0.44 0.879871 0.000232405 0.87991
0.45 0.881104 0.000373437 0.881319
0.46 0.882779 0.000247953 0.882667
0.47 0.884115 0.000431583 0.883954
0.48 0.885261 0.000359584 0.885173
0.49 0.886202 0.00042174 0.886336
0.5 0.887495 0.000288483 0.887444
0.51 0.888516 0.000383774 0.888509
0.52 0.889582 0.000472076 0.889518
0.53 0.890331 0.000264263 0.890487
0.54 0.89148 0.000363841 0.891413
0.55 0.892017 0.000331681 0.892285
0.56 0.893312 0.000387176 0.893136
0.57 0.893995 0.000357316 0.893943
0.58 0.894927 0.000189542 0.894707
0.59 0.89555 0.000262488 0.89545
0.6 0.896226 0.000253749 0.896161
0.61 0.896789 0.000304362 0.896828
0.62 0.897508 0.000212339 0.897473
0.63 0.898209 0.000410553 0.898098
0.64 0.89863 0.000262235 0.898693
0.65 0.899154 0.000397858 0.899263
0.66 0.899871 0.000250807 0.89981
0.67 0.900412 0.000359151 0.90033
0.68 0.900776 0.000271343 0.900816
0.69 0.901205 0.000193905 0.901304
0.7 0.901857 0.000280096 0.901761
0.71 0.902284 0.000292041 0.902191
0.72 0.902785 0.000221527 0.902618
0.73 0.903103 0.000126176 0.903019
0.74 0.903294 0.000234318 0.903395
0.75 0.903587 0.000365287 0.903767
0.76 0.904042 0.000204081 0.904102
0.77 0.904537 0.000120111 0.904441
0.78 0.904831 0.000242016 0.904758
0.79 0.905001 0.000206648 0.905057
0.8 0.905294 9.97904e-05 0.905348
0.81 0.905576 0.000256455 0.905631
0.82 0.90586 0.000160314 0.905894
0.83 0.90607 0.000265916 0.906138
0.839999 0.906372 0.000279867 0.906361
0.849999 0.906726 0.000234244 0.906603
0.859999 0.906959 0.000196491 0.906817
0.869999 0.907085 0.000226743 0.907002
0.879999 0.907167 0.000175469 0.907198
0.889999 0.907233 0.000269643 0.907395
0.899999 0.907701 0.000242815 0.907544
0.909999 0.907751 0.000180947 0.907723
0.919999 0.907792 0.000243524 0.907876
0.929999 0.908019 0.000173777 0.908014
0.939999 0.907962 0.000221082 0.908143
0.949999 0.908174 0.000221123 0.908239
0.959999 0.908663 0.000200449 0.908361
0.969999 0.908569 0.000133728 0.908478
0.979999 0.908407 0.00022227 0.908556
0.989999 0.90888 0.000245864 0.908636
0.999999 0.908607 0.000189426 0.908747
