0.01 0 0 0
0.02 0 0 0
0.03 0 0 0
0.04 0 0 0
0.05 0 0 0
0.06 0 0 0
0.07 0 0 8.69229e-08
0.08 0 0 0.00144561
0.09 0 0 0.0070374
0.1 0 0 0.0141375
0.11 0 0 0.0226881
0.12 0.0294963 0.00696048 0.0324593
0.13 0.0445811 0.000503613 0.0431598
0.14 0.0565367 0.000581798 0.0545209
0.15 0.0700372 0.000721381 0.0663193
0.16 0.083383 0.0015676 0.0783763
0.17 0.0967279 0.00124357 0.0905491
0.18 0.110899 0.000416615 0.102726
0.19 0.12406 0.000555092 0.114818
0.2 0.13733 0.00065971 0.126756
0.21 0.151383 0.000779114 0.138489
0.22 0.164043 0.000560583 0.149977
0.23 0.176754 0.000719267 0.161192
0.24 0.189208 0.000392863 0.172113
0.25 0.200806 0.000469022 0.182729
0.26 0.213039 0.000526063 0.19303
0.27 0.224105 0.00080555 0.203016
0.28 0.235056 0.000392544 0.212686
0.29 0.245963 0.000380856 0.222043
0.3 0.256624 0.000320189 0.231091
0.31 0.265752 0.000318508 0.23984
0.32 0.275854 0.000612815 0.248295
0.33 0.285143 0.000447713 0.256465
0.34 0.293756 0.000458613 0.26436
0.35 0.302501 0.000274446 0.271988
0.36 0.310905 0.000438281 0.279359
0.37 0.318833 0.000548515 0.286483
0.38 0.326727 0.0005143 0.293367
0.39 0.333891 0.000547785 0.300023
0.4 0.341162 0.000532508 0.306457
0.41 0.348168 0.000415397 0.312679
0.42 0.354779 0.000227378 0.318699
0.43 0.36124 0.000333527 0.324522
0.44 0.367697 0.000648032 0.330158
0.45 0.373696 0.000240561 0.335614
0.46 0.379423 0.00043758 0.340896
0.47 0.384752 0.000219717 0.346013
0.48 0.390105 0.000405642 0.35097
0.49 0.39548 0.000397382 0.355774
0.5 0.400622 0.000209347 0.36043
0.51 0.405579 0.000384817 0.364945
0.52 0.409806 0.000315172 0.369323
0.53 0.414443 0.000281986 0.37357
0.54 0.418932 0.000216623 0.377692
0.55 0.423067 0.000210385 0.381692
0.56 0.426897 0.000272903 0.385576
0.57 0.430849 0.000242041 0.389347
0.58 0.434479 0.000257173 0.39301
0.59 0.438321 0.000241077 0.396568
0.6 0.441863 0.000249047 0.400027
0.61 0.445098 0.000316882 0.403387
0.62 0.448327 0.000245128 0.406655
0.63 0.451676 0.000221899 0.409832
0.64 0.454629 0.000207098 0.412923
0.65 0.457651 0.000420134 0.415928
0.66 0.460574 0.000152857 0.418853
0.67 0.463202 0.000210047 0.4217
0.68 0.465857 0.000179837 0.42447
0.69 0.468473 0.000172585 0.427167
0.7 0.470709 0.000180344 0.429793
0.71 0.473222 0.000128529 0.432351
0.72 0.475556 0.000149791 0.434841
0.73 0.477647 0.000179922 0.437268
0.74 0.479961 0.000191801 0.439632
0.75 0.481932 0.000191898 0.441936
0.76 0.484038 0.000194613 0.444182
0.77 0.485833 0.000228359 0.44637
0.78 0.487661 0.000184551 0.448504
0.79 0.489566 0.000175739 0.450585
0.8 0.491181 0.000131187 0.452613
0.81 0.492884 4.62563e-05 0.45459
0.82 0.494425 0.000255024 0.456521
0.83 0.496035 0.000110047 0.458402
0.839999 0.497475 0.000216839 0.460239
0.849999 0.498841 9.45859e-05 0.462031
0.859999 0.500283 0.000139523 0.463778
0.869999 0.501583 0.00019572 0.465484
0.879999 0.502863 0.000131902 0.467148
0.889999 0.504111 0.000165775 0.468774
0.899999 0.505331 0.000147762 0.47036
0.909999 0.506455 0.000146349 0.471907
0.919999 0.507615 0.000107045 0.473419
0.929999 0.508559 8.80936e-05 0.474894
0.939999 0.509552 0.000164904 0.476335
0.949999 0.51058 0.000124741 0.477741
0.959999 0.511486 9.05743e-05 0.479114
0.969999 0.512456 7.18201e-05 0.480455
0.979999 0.513341 8.3469e-05 0.481765
0.989999 0.514023 0.000122453 0.483044
0.999999 0.514826 0.000104099 0.484293
