0.01 0 0 0.0420138
0.02 0.24439 0.00546908 0.270908
0.03 0.409673 0.00789724 0.426739
0.04 0.511929 0.00356675 0.527583
0.05 0.582436 0.00344268 0.596696
0.06 0.637587 0.00278929 0.646708
0.07 0.677466 0.00315296 0.684482
0.08 0.707988 0.00121965 0.713976
0.09 0.73401 0.00161369 0.73762
0.1 0.753084 0.000722221 0.756978
0.11 0.770565 0.00186722 0.773105
0.12 0.784549 0.00113213 0.786735
0.13 0.796964 0.00126555 0.798396
0.14 0.806923 0.00140853 0.808478
0.15 0.817152 0.00135683 0.817272
0.16 0.82374 0.00099501 0.825003
0.17 0.830788 0.000777149 0.831848
0.18 0.83668 0.00158381 0.837944
0.19 0.843194 0.00113208 0.843404
0.2 0.848195 0.00161781 0.848316
0.21 0.852052 0.00114318 0.852757
0.22 0.856116 0.000961691 0.856785
0.23 0.859811 0.0013224 0.860453
0.24 0.863783 0.000732122 0.863803
0.25 0.866424 0.00127196 0.866873
0.26 0.869912 0.00074713 0.869693
0.27 0.871916 0.0008444 0.872289
0.28 0.874741 0.000565266 0.874686
0.29 0.876366 0.00105691 0.876903
0.3 0.879512 0.000981781 0.878957
0.31 0.881198 0.000604101 0.880863
0.32 0.882288 0.000873739 0.882636
0.33 0.883455 0.000456994 0.884286
0.34 0.885795 0.000598524 0.885825
0.35 0.887012 0.000325286 0.887261
0.36 0.888408 0.000562253 0.888604
0.37 0.889344 0.000742579 0.889861
0.38 0.891078 0.000611012 0.891037
0.39 0.891882 0.000693855 0.89214
0.4 0.892809 0.000710415 0.893175
0.41 0.894061 0.000642822 0.894147
0.42 0.895167 0.000460635 0.89506
0.43 0.895873 0.000623478 0.895919
0.44 0.896365 0.000389547 0.896726
0.45 0.897738 0.000398705 0.897486
0.46 0.898276 0.000773626 0.898202
0.47 0.898889 0.000460893 0.898876
0.48 0.899997 0.000635908 0.899512
0.49 0.899997 0.000672138 0.90011
0.5 0.900043 0.000562812 0.900675
0.51 0.900987 0.000416648 0.901209
0.52 0.901418 0.000392543 0.901711
0.53 0.902303 0.000456494 0.902184
0.54 0.902561 0.000391944 0.902631
0.55 0.903338 0.000446761 0.903054
0.56 0.903661 0.000463757 0.903452
0.57 0.903739 0.000535773 0.903828
0.58 0.904119 0.000513304 0.904181
0.59 0.90421 0.00048487 0.904515
0.6 0.904642 0.000277313 0.90483
0.61 0.905176 0.000470621 0.905127
0.62 0.90562 0.000514839 0.905406
0.63 0.905917 0.000674718 0.905671
0.64 0.906056 0.000308958 0.905919
0.65 0.90618 0.000378225 0.906151
0.66 0.906138 0.000516046 0.906371
0.67 0.906607 0.000515715 0.906579
0.68 0.90705 0.000515428 0.906772
0.69 0.907371 0.000438169 0.906955
0.7 0.907345 0.000282687 0.907127
0.71 0.907074 0.000796981 0.907285
0.72 0.907351 0.000569026 0.907437
0.73 0.907479 0.000453228 0.907576
0.74 0.907605 0.000369684 0.907708
0.75 0.908148 0.00027353 0.907829
0.76 0.908082 0.000568087 0.907947
0.77 0.908149 0.000542576 0.908051
0.78 0.907777 0.00061762 0.908152
0.79 0.908445 0.000471145 0.908241
0.8 0.908257 0.000437701 0.908327
0.81 0.908513 0.00042326 0.90841
0.82 0.90831 0.000362298 0.908482
0.83 0.90851 0.000371222 0.908541
0.839999 0.908886 0.000518886 0.90861
0.849999 0.908894 0.000803544 0.908666
0.859999 0.90908 0.000464221 0.908719
0.869999 0.908637 0.000448 0.908762
0.879999 0.908818 0.000741384 0.908803
0.889999 0.908951 0.00059112 0.908842
0.899999 0.908938 0.000265255 0.908881
0.909999 0.908744 0.000325615 0.90891
0.919999 0.908867 0.000544348 0.908936
0.929999 0.908904 0.000719821 0.908964
0.939999 0.909153 0.000362999 0.908988
0.949999 0.908969 0.000514588 0.909001
0.959999 0.909142 0.000363384 0.909015
0.969999 0.908912 0.00030468 0.909039
0.979999 0.909104 0.000352399 0.909051
0.989999 0.908976 0.000576518 0.909054
0.999999 0.909003 0.000665562 0.909065
