0.01 0 0 0
0.02 0 0 0
0.03 0 0 0
0.04 0 0 2.36988e-07
0.05 0 0 0.00812155
0.06 0 0 0.024197
0.07 0.0139161 0.0135075 0.0450992
0.08 0.0556692 0.00163436 0.068969
0.09 0.0806285 0.000771574 0.0942674
0.1 0.106254 0.00167955 0.119948
0.11 0.130908 0.00115408 0.145329
0.12 0.155266 0.000817152 0.169977
0.13 0.18015 0.00152566 0.193641
0.14 0.202363 0.00133192 0.216182
0.15 0.225886 0.00113768 0.237548
0.16 0.24552 0.000978028 0.257734
0.17 0.265275 0.000828684 0.276766
0.18 0.284909 0.000683718 0.294692
0.19 0.303181 0.0010694 0.311569
0.2 0.319556 0.00113407 0.327459
0.21 0.335816 0.000725024 0.342426
0.22 0.349753 0.00123156 0.356531
0.23 0.364747 0.00085113 0.369834
0.24 0.379008 0.00064761 0.382391
0.25 0.390473 0.00126075 0.394256
0.26 0.40333 0.000874689 0.405477
0.27 0.414274 0.000687695 0.4161
0.28 0.42525 0.000883818 0.426167
0.29 0.435301 0.000773031 0.435717
0.3 0.445372 0.000655715 0.444785
0.31 0.454234 0.000747323 0.453403
0.32 0.462783 0.000703681 0.461603
0.33 0.47182 0.000655453 0.469411
0.34 0.479253 0.000434224 0.476852
0.35 0.486332 0.000606067 0.48395
0.36 0.494243 0.000657518 0.490726
0.37 0.501056 0.000478835 0.4972
0.38 0.507505 0.000324849 0.50339
0.39 0.513592 0.000718432 0.509312
0.4 0.519867 0.000393978 0.514982
0.41 0.525237 0.000492488 0.520416
0.42 0.530631 0.000511739 0.525625
0.43 0.536106 0.000378528 0.530623
0.44 0.541358 0.000583546 0.53542
0.45 0.545698 0.000538356 0.540027
0.46 0.550728 0.000424718 0.544455
0.47 0.555453 0.000583688 0.548713
0.48 0.559268 0.000406911 0.552808
0.49 0.563363 0.000582087 0.55675
0.5 0.567313 0.000501587 0.560545
0.51 0.570988 0.000357641 0.564201
0.52 0.574387 0.000571002 0.567725
0.53 0.578438 0.000490979 0.571122
0.54 0.581548 0.000432859 0.574399
0.55 0.585056 0.000648581 0.57756
0.56 0.588123 0.000387183 0.580612
0.57 0.590283 0.000393484 0.583557
0.58 0.593572 0.000265702 0.586403
0.59 0.596411 0.000532337 0.589153
0.6 0.598788 0.000278856 0.59181
0.61 0.601433 0.000430953 0.594378
0.62 0.603998 0.000501113 0.596862
0.63 0.606403 0.0002579 0.599265
0.64 0.608438 0.000418379 0.601589
0.65 0.610625 0.00024301 0.603838
0.66 0.612819 0.000271931 0.606015
0.67 0.615008 0.000373414 0.608121
0.68 0.616993 0.000394259 0.610163
0.69 0.618888 0.000375467 0.612138
0.7 0.62061 0.0002967 0.614052
0.71 0.622245 0.000242477 0.615907
0.72 0.624121 0.000250503 0.617703
0.73 0.62579 0.000405261 0.619444
0.74 0.627392 0.000423382 0.621132
0.75 0.628869 0.000236045 0.622766
0.76 0.630525 0.000298161 0.624352
0.77 0.632002 0.000456203 0.62589
0.78 0.633086 0.000550679 0.627381
0.79 0.634897 0.000232293 0.628826
0.8 0.635838 0.000377195 0.630228
0.81 0.637281 0.000370485 0.631587
0.82 0.63843 0.000411694 0.632906
0.83 0.639269 0.000385117 0.634182
0.839999 0.640565 0.000257965 0.635424
0.849999 0.641745 0.000298086 0.636627
0.859999 0.642448 0.00038409 0.637792
0.869999 0.643529 0.000282977 0.638923
0.879999 0.644687 0.000298178 0.64002
0.889999 0.645587 0.000281034 0.641086
0.899999 0.646486 0.000285826 0.642117
0.909999 0.647374 0.000306681 0.643115
0.919999 0.648361 0.00016268 0.644084
0.929999 0.649158 0.000292325 0.645027
0.939999 0.649825 0.000260953 0.645939
0.949999 0.650617 0.00019984 0.646824
0.959999 0.651016 0.000337157 0.647681
0.969999 0.652216 0.000393751 0.648508
0.979999 0.652485 0.000212023 0.649317
0.989999 0.653223 0.000202827 0.650094
0.999999 0.653697 0.000264913 0.650852
