0.01 0 0 0
0.02 0 0 0
0.03 0 0 0
0.04 0 0 1.01936e-06
0.05 0.00983506 0.0113574 0.0698708
0.06 0.151681 0.00197764 0.175549
0.07 0.238863 0.00107952 0.25449
0.08 0.303653 0.00116266 0.315365
0.09 0.356721 0.00109332 0.363567
0.1 0.397669 0.00138889 0.402565
0.11 0.432269 0.00121939 0.434677
0.12 0.460908 0.000689746 0.461508
0.13 0.484182 0.000590829 0.484201
0.14 0.504265 0.000654223 0.503594
0.15 0.520848 0.000681259 0.520314
0.16 0.53599 0.00048252 0.534841
0.17 0.548505 0.000417117 0.547545
0.18 0.560387 0.000389695 0.558722
0.19 0.57026 0.000428852 0.568605
0.2 0.578849 0.000494882 0.577382
0.21 0.586819 0.000376476 0.585211
0.22 0.594048 0.000490208 0.592219
0.23 0.600473 0.00031391 0.598512
0.24 0.605794 0.000427304 0.604182
0.25 0.610922 0.000213661 0.609301
0.26 0.615422 0.000327322 0.613937
0.27 0.619518 0.000444998 0.618142
0.28 0.623346 0.000335589 0.621967
0.29 0.627049 0.0002457 0.625448
0.3 0.630097 0.000239616 0.628627
0.31 0.633002 0.000231628 0.631531
0.32 0.635362 0.000191543 0.634189
0.33 0.637878 0.000204489 0.636625
0.34 0.639711 0.00031085 0.63886
0.35 0.642009 0.000251787 0.640914
0.36 0.643807 0.000296394 0.642802
0.37 0.645385 0.000221461 0.64454
0.38 0.647145 0.000365116 0.646142
0.39 0.648439 0.000241638 0.647619
0.4 0.649744 0.000299959 0.648982
0.41 0.650844 0.000213623 0.650242
0.42 0.652069 0.000273465 0.651405
0.43 0.653041 0.000272189 0.652482
0.44 0.65411 0.000209844 0.653478
0.45 0.65492 0.000231723 0.654401
0.46 0.655603 0.000287745 0.655256
0.47 0.656609 0.000166074 0.656048
0.48 0.657213 0.000291778 0.656783
0.49 0.657862 0.000264537 0.657465
0.5 0.658612 0.000245232 0.658098
0.51 0.659129 0.000212292 0.658686
0.52 0.659382 0.000218107 0.659232
0.53 0.660289 0.000260452 0.659739
0.54 0.660379 0.000273611 0.660211
0.55 0.660989 0.000153998 0.660648
0.56 0.661282 0.000347563 0.661057
0.57 0.661595 0.000197977 0.661437
0.58 0.662029 0.000210007 0.661789
0.59 0.662285 0.000225875 0.662119
0.6 0.662746 0.00019827 0.662425
0.61 0.662929 0.000258288 0.66271
0.62 0.66323 0.000148918 0.662973
0.63 0.663579 0.000190649 0.663224
0.64 0.663652 0.000197108 0.663454
0.65 0.663715 0.000378058 0.663667
0.66 0.664099 0.000202399 0.663867
0.67 0.664032 0.000344252 0.664056
0.68 0.664131 0.000294548 0.66423
0.69 0.664496 0.000222022 0.664386
0.7 0.664589 0.000151297 0.664545
0.71 0.664744 0.000241446 0.664683
0.72 0.664823 0.000174426 0.664815
0.73 0.664956 0.000229415 0.664938
0.74 0.665271 0.000143248 0.665054
0.75 0.665235 0.000250368 0.66516
0.76 0.665491 0.000330616 0.665262
0.77 0.665441 0.000162288 0.665355
0.78 0.665549 0.000219081 0.66544
0.79 0.665615 0.000289456 0.66552
0.8 0.665629 0.000154819 0.665593
0.81 0.66561 0.000184925 0.665669
0.82 0.666042 0.000264134 0.665732
0.83 0.665963 0.000291036 0.665795
0.839999 0.666114 0.000287743 0.665851
0.849999 0.665915 0.000261847 0.665905
0.859999 0.666046 0.000305761 0.665955
0.869999 0.665951 0.000163946 0.666004
0.879999 0.665909 0.000360582 0.666048
0.889999 0.666073 0.000329359 0.666089
0.899999 0.666081 0.000159825 0.666128
0.909999 0.666329 0.000256508 0.666163
0.919999 0.666299 0.000246205 0.666193
0.929999 0.666167 0.000286315 0.666226
0.939999 0.666373 0.000173509 0.666253
0.949999 0.66616 0.000228896 0.666283
0.959999 0.66633 0.000188672 0.66631
0.969999 0.666515 0.000170457 0.666333
0.979999 0.666503 0.000102761 0.666351
0.989999 0.666389 0.000196575 0.666374
0.999999 0.666605 0.000167949 0.666393
