0.01 0 0 0
0.02 0 0 0
0.03 0 0 0
0.04 0 0 0
0.05 0 0 0
0.06 0 0 0
0.07 0 0 0
0.08 0 0 0
0.09 0 0 0
0.1 0 0 0
0.11 0 0 0
0.12 0 0 3.70873e-07
0.13 0 0 0.00123833
0.14 0 0 0.0345624
0.15 0.00582904 0.0147063 0.0663093
0.16 0.0879319 0.00996759 0.0954431
0.17 0.124016 0.00334327 0.12211
0.18 0.153183 0.00249682 0.146524
0.19 0.179581 0.00296787 0.168907
0.2 0.203478 0.00174637 0.189467
0.21 0.224972 0.00209937 0.208392
0.22 0.244548 0.00224848 0.22585
0.23 0.262671 0.00141158 0.241989
0.24 0.2786 0.00183084 0.256941
0.25 0.294249 0.000925242 0.27082
0.26 0.308808 0.00120208 0.283728
0.27 0.321863 0.00131848 0.295755
0.28 0.333224 0.000891608 0.306981
0.29 0.34404 0.000898894 0.317476
0.3 0.354367 0.000943669 0.327304
0.31 0.363862 0.000774872 0.33652
0.32 0.372769 0.000837005 0.345175
0.33 0.381028 0.000483091 0.353313
0.34 0.388595 0.000794541 0.360976
0.35 0.396039 0.000498458 0.368199
0.36 0.402864 0.000837395 0.375016
0.37 0.409345 0.000491139 0.381456
0.38 0.415359 0.000867374 0.387546
0.39 0.420682 0.000592673 0.393312
0.4 0.426094 0.00072603 0.398775
0.41 0.431255 0.000615597 0.403957
0.42 0.435503 0.000652342 0.408875
0.43 0.440252 0.000557733 0.413547
0.44 0.444402 0.00048329 0.417988
0.45 0.448073 0.000579545 0.422215
0.46 0.451999 0.000562227 0.426238
0.47 0.455416 0.000616336 0.430071
0.48 0.458811 0.000565537 0.433726
0.49 0.461841 0.000310467 0.437212
0.5 0.464745 0.000319104 0.440539
0.51 0.467529 0.000417455 0.443717
0.52 0.470201 0.000587966 0.446754
0.53 0.472833 0.000457185 0.449659
0.54 0.475232 0.000468419 0.452437
0.55 0.477622 0.000385806 0.455096
0.56 0.479748 0.000331002 0.457642
0.57 0.481976 0.000453657 0.460081
0.58 0.48379 0.000448603 0.462419
0.59 0.485659 0.000270783 0.464661
0.6 0.487387 0.000402015 0.466811
0.61 0.489111 0.000388174 0.468875
0.62 0.490758 0.000528213 0.470856
0.63 0.492266 0.000435675 0.472759
0.64 0.493863 0.000352008 0.474587
0.65 0.495297 0.000378834 0.476344
0.66 0.496568 0.000393065 0.478033
0.67 0.497886 0.000319232 0.479657
0.68 0.499319 0.000255118 0.48122
0.69 0.500377 0.000323714 0.482725
0.7 0.501546 0.00027052 0.484173
0.71 0.502533 0.000234166 0.485568
0.72 0.503621 0.000338571 0.486911
0.73 0.504846 0.000255352 0.488205
0.74 0.505676 0.00025699 0.489452
0.75 0.506682 0.000302066 0.490655
0.76 0.50754 0.000243737 0.491815
0.77 0.508385 0.000309665 0.492933
0.78 0.509232 0.000348104 0.494012
0.79 0.509914 0.000267342 0.495054
0.8 0.51062 0.000246281 0.496059
0.81 0.511495 0.000251667 0.497029
0.82 0.512206 0.000282026 0.497967
0.83 0.512827 0.000316971 0.498872
0.839999 0.513536 0.000271069 0.499747
0.849999 0.514249 0.000202504 0.500592
0.859999 0.514704 0.000298209 0.501408
0.869999 0.515499 0.000222492 0.502198
0.879999 0.51596 0.000295358 0.502962
0.889999 0.516519 0.000317203 0.5037
0.899999 0.517082 0.000296652 0.504414
0.909999 0.517455 0.000420845 0.505105
0.919999 0.518013 0.000173928 0.505773
0.929999 0.518565 0.000264472 0.50642
0.939999 0.518974 0.000226803 0.507046
0.949999 0.519538 0.00020073 0.507652
0.959999 0.519882 0.00025891 0.508239
0.969999 0.520371 0.000248848 0.508808
0.979999 0.520765 0.00020161 0.509358
0.989999 0.521153 0.000163523 0.509891
0.999999 0.521616 0.000214271 0.510408
