0.01 0 0 0
0.02 0 0 0
0.03 0 0 0
0.04 0 0 0
0.05 0 0 0
0.06 0 0 0
0.07 0 0 5.627e-07
0.08 0 0 0.000127779
0.09 0.0532918 0.00171621 0.0607043
0.1 0.116244 0.00181924 0.114896
0.11 0.165096 0.00141895 0.160359
0.12 0.208309 0.00103019 0.198893
0.13 0.243184 0.000841272 0.231875
0.14 0.273837 0.000687442 0.260352
0.15 0.299387 0.000769497 0.285132
0.16 0.321895 0.000589644 0.306845
0.17 0.341938 0.000639927 0.325988
0.18 0.359463 0.000546761 0.342959
0.19 0.374499 0.000518574 0.358079
0.2 0.388012 0.000559939 0.371608
0.21 0.400165 0.000333981 0.383762
0.22 0.410762 0.000358783 0.39472
0.23 0.420781 0.000418443 0.404633
0.24 0.429447 0.000308345 0.413627
0.25 0.437239 0.000298101 0.421808
0.26 0.444283 0.000335512 0.42927
0.27 0.450777 0.00029041 0.436091
0.28 0.456583 0.000295581 0.44234
0.29 0.461914 0.000256781 0.448075
0.3 0.466674 0.000290501 0.45335
0.31 0.471163 0.000203946 0.458207
0.32 0.475179 0.000211289 0.462688
0.33 0.478801 0.000294973 0.466829
0.34 0.482283 0.000228991 0.470659
0.35 0.485296 0.000170776 0.474207
0.36 0.488221 0.000175938 0.477498
0.37 0.490813 0.000223686 0.480552
0.38 0.493163 0.000202832 0.483392
0.39 0.495502 0.000208371 0.486033
0.4 0.497477 0.000160365 0.488494
0.41 0.49949 0.00014142 0.490787
0.42 0.501263 0.000185459 0.492926
0.43 0.502777 0.000185864 0.494923
0.44 0.504322 0.000164903 0.496788
0.45 0.505759 0.000162663 0.498532
0.46 0.506968 0.000112737 0.500164
0.47 0.508209 0.000109604 0.501692
0.48 0.509371 0.00011146 0.503123
0.49 0.510396 0.000136935 0.504463
0.5 0.511386 0.000131989 0.505721
0.51 0.512333 0.000154259 0.5069
0.52 0.513116 0.000142172 0.508008
0.53 0.513988 0.000109056 0.509048
0.54 0.51474 0.000133678 0.510024
0.55 0.515427 0.000117052 0.510942
0.56 0.516091 0.000130199 0.511806
0.57 0.516733 0.00012407 0.512617
0.58 0.517252 8.48147e-05 0.513382
0.59 0.517825 0.000122328 0.514102
0.6 0.518276 0.000153517 0.514779
0.61 0.518801 0.000141612 0.515417
0.62 0.519193 9.33013e-05 0.516018
0.63 0.519635 0.000111642 0.516584
0.64 0.520046 0.000152499 0.517118
0.65 0.520401 0.000164642 0.517622
0.66 0.520829 0.000118038 0.518096
0.67 0.52111 8.56829e-05 0.518543
0.68 0.521349 0.000127462 0.518967
0.69 0.521674 0.000116953 0.519365
0.7 0.521923 8.72964e-05 0.519742
0.71 0.522191 0.000108004 0.520098
0.72 0.522475 0.000107294 0.520434
0.73 0.522682 0.00011828 0.52075
0.74 0.522914 0.000136031 0.521051
0.75 0.523064 0.000137115 0.521334
0.76 0.52323 0.000104458 0.521602
0.77 0.523439 0.00010867 0.521852
0.78 0.523663 0.000110547 0.522095
0.79 0.523786 0.000124708 0.522319
0.8 0.523923 0.000117313 0.522532
0.81 0.524124 9.45597e-05 0.522734
0.82 0.524217 0.000122312 0.522924
0.83 0.524336 8.94781e-05 0.523108
0.839999 0.524478 0.000145727 0.523274
0.849999 0.524601 0.000149703 0.523438
0.859999 0.524724 8.96188e-05 0.523591
0.869999 0.524822 0.000131467 0.523732
0.879999 0.524857 0.000123582 0.523876
0.889999 0.52505 8.43022e-05 0.524002
0.899999 0.525041 0.000131415 0.524123
0.909999 0.525213 0.000112814 0.52424
0.919999 0.525251 0.000141536 0.52435
0.929999 0.525334 0.000113681 0.524453
0.939999 0.525362 9.35661e-05 0.524554
0.949999 0.525475 0.000101798 0.524644
0.959999 0.525544 0.000135412 0.524733
0.969999 0.525619 8.55324e-05 0.524819
0.979999 0.52565 8.14231e-05 0.524894
0.989999 0.525715 0.000105355 0.524975
0.999999 0.525749 9.52309e-05 0.525043
