0.01 0 0 8.02524e-13
0.02 0.0971917 0.0280452 0.196759
0.03 0.363115 0.00805216 0.404465
0.04 0.494531 0.00413023 0.521852
0.05 0.578935 0.00385 0.597241
0.06 0.637797 0.00355662 0.649838
0.07 0.679336 0.00208756 0.688669
0.08 0.710225 0.00320148 0.718533
0.09 0.737699 0.00126013 0.742218
0.1 0.756716 0.00147822 0.761459
0.11 0.773442 0.00167778 0.777392
0.12 0.787937 0.00158772 0.790796
0.13 0.800034 0.00159326 0.802219
0.14 0.810201 0.00193751 0.812063
0.15 0.818552 0.00103127 0.820626
0.16 0.826548 0.00155485 0.828136
0.17 0.83308 0.00129539 0.834769
0.18 0.839501 0.00119016 0.840663
0.19 0.844892 0.00109677 0.845931
0.2 0.849722 0.000999753 0.850661
0.21 0.854561 0.00117169 0.854927
0.22 0.858007 0.000819295 0.858791
0.23 0.86188 0.000928327 0.862301
0.24 0.864922 0.000805302 0.865502
0.25 0.867808 0.000923651 0.868428
0.26 0.870623 0.00079321 0.87111
0.27 0.873151 0.000827174 0.873575
0.28 0.875314 0.000548993 0.875845
0.29 0.877797 0.000758982 0.877941
0.3 0.879441 0.00089571 0.879878
0.31 0.881143 0.000815325 0.881673
0.32 0.883335 0.000787977 0.883338
0.33 0.885118 0.000771695 0.884886
0.34 0.886081 0.000623849 0.886325
0.35 0.887864 0.000689456 0.887667
0.36 0.888973 0.000622338 0.888919
0.37 0.889684 0.000766231 0.890088
0.38 0.891074 0.000422784 0.89118
0.39 0.892181 0.000834347 0.892203
0.4 0.893076 0.000455835 0.893162
0.41 0.894035 0.000650243 0.89406
0.42 0.894881 0.000626259 0.894903
0.43 0.895451 0.000584661 0.895695
0.44 0.896426 0.000773439 0.896439
0.45 0.897061 0.000561495 0.897139
0.46 0.897753 0.00055023 0.897799
0.47 0.898238 0.000603425 0.898419
0.48 0.899199 0.000720357 0.899004
0.49 0.899385 0.000562579 0.899555
0.5 0.899961 0.000647908 0.900074
0.51 0.900265 0.000622466 0.900566
0.52 0.90124 0.000570646 0.901029
0.53 0.901285 0.000592114 0.901468
0.54 0.901777 0.000712254 0.901882
0.55 0.902031 0.000555411 0.902272
0.56 0.90269 0.000375758 0.902644
0.57 0.902838 0.000658556 0.902993
0.58 0.903219 0.000385357 0.903325
0.59 0.903492 0.000739727 0.903639
0.6 0.904022 0.000527767 0.903938
0.61 0.90448 0.000487617 0.90422
0.62 0.904445 0.000472803 0.904486
0.63 0.90458 0.000472314 0.904742
0.64 0.904798 0.000594644 0.904982
0.65 0.905137 0.000438886 0.905209
0.66 0.90551 0.000448947 0.905427
0.67 0.905675 0.000523925 0.905631
0.68 0.905731 0.000391465 0.905828
0.69 0.905979 0.000721849 0.906011
0.7 0.906226 0.000420657 0.90619
0.71 0.906375 0.00048972 0.906355
0.72 0.906267 0.0005849 0.906513
0.73 0.906711 0.000536607 0.906664
0.74 0.90678 0.000604371 0.906808
0.75 0.907056 0.000625438 0.906942
0.76 0.907338 0.000577681 0.907072
0.77 0.907139 0.000398302 0.907194
0.78 0.907515 0.000713216 0.907312
0.79 0.907166 0.000577668 0.907423
0.8 0.90754 0.000610727 0.90753
0.81 0.907577 0.000519707 0.90763
0.82 0.907806 0.00041568 0.907725
0.83 0.907828 0.000476093 0.907814
0.839999 0.907725 0.00057698 0.907903
0.849999 0.90807 0.000471914 0.907983
0.859999 0.908229 0.000525303 0.908063
0.869999 0.908182 0.000708516 0.908136
0.879999 0.908235 0.000421472 0.908206
0.889999 0.908354 0.00052076 0.908271
0.899999 0.908045 0.000646759 0.908337
0.909999 0.908495 0.000462343 0.908397
0.919999 0.908388 0.000686959 0.908454
0.929999 0.908751 0.000712006 0.908509
0.939999 0.908528 0.000576149 0.90856
0.949999 0.908572 0.000535338 0.908608
0.959999 0.908719 0.000420879 0.908654
0.969999 0.908777 0.000417548 0.9087
0.979999 0.908563 0.00055574 0.908741
0.989999 0.908724 0.000527472 0.90878
0.999999 0.908642 0.000514713 0.908817
