0.01 0.00691576 0.0092504 0.0815619
0.02 0.461885 0.00310738 0.479539
0.03 0.617788 0.00227718 0.627553
0.04 0.699941 0.000682251 0.704643
0.05 0.749198 0.00088609 0.751842
0.06 0.781752 0.000857276 0.783621
0.07 0.805231 0.000468497 0.806403
0.08 0.822534 0.000490368 0.823474
0.09 0.836304 0.000463483 0.836694
0.1 0.846841 0.000325061 0.847193
0.11 0.855457 0.000568805 0.855701
0.12 0.862064 0.000461702 0.862706
0.13 0.868127 0.000463044 0.868548
0.14 0.873348 0.000326163 0.873479
0.15 0.877892 0.000344035 0.877676
0.16 0.880974 0.000211677 0.881276
0.17 0.884178 0.000156649 0.884387
0.18 0.886933 0.000336747 0.887091
0.19 0.889428 0.000339875 0.889451
0.2 0.891162 0.000257992 0.891522
0.21 0.893245 0.000309139 0.893346
0.22 0.895265 0.000350897 0.894957
0.23 0.896133 0.000321754 0.896385
0.24 0.897594 0.000268911 0.897653
0.25 0.898718 0.000202265 0.898783
0.26 0.899668 0.000229916 0.899795
0.27 0.900572 0.000399072 0.900696
0.28 0.901613 0.000303448 0.901504
0.29 0.902077 0.000220502 0.902228
0.3 0.902874 0.000179446 0.902879
0.31 0.903363 0.000127479 0.903467
0.32 0.90391 0.000240928 0.903993
0.33 0.904544 0.000172429 0.904472
0.34 0.904858 0.000293719 0.904899
0.35 0.905457 0.00012111 0.905287
0.36 0.905839 0.000188979 0.905632
0.37 0.905996 0.000302986 0.90596
0.38 0.906092 0.000316382 0.906243
0.39 0.906523 0.000361544 0.906508
0.4 0.906759 0.000193994 0.906734
0.41 0.907002 0.00026263 0.906956
0.42 0.90718 0.00016622 0.907143
0.43 0.907226 0.000303854 0.907313
0.44 0.907649 0.000167207 0.907484
0.45 0.907761 0.000154934 0.907626
0.46 0.907812 9.92903e-05 0.907755
0.47 0.907837 0.000311995 0.907877
0.48 0.908058 0.000141944 0.907987
0.49 0.908017 0.000265094 0.908081
0.5 0.908223 0.000235178 0.908173
0.51 0.908308 0.000277769 0.908266
0.52 0.908248 0.000482948 0.908327
0.53 0.908244 0.00037863 0.908394
0.54 0.908574 0.000278565 0.908453
0.55 0.908399 0.000308999 0.908519
0.56 0.908566 0.000354502 0.908566
0.57 0.908551 0.000233379 0.908608
0.58 0.908605 0.000209142 0.908655
0.59 0.908923 0.000211577 0.908692
0.6 0.908934 0.000281426 0.908727
0.61 0.908757 0.000207009 0.908758
0.62 0.908693 0.000182662 0.908784
0.63 0.908754 0.000186976 0.908818
0.64 0.908739 0.000320811 0.908843
0.65 0.908853 0.000327144 0.908859
0.66 0.908928 0.000212894 0.908877
0.67 0.909002 0.000241306 0.908898
0.68 0.908855 0.00016014 0.908912
0.69 0.908835 0.00019752 0.908928
0.7 0.908842 0.000251623 0.908943
0.71 0.908905 0.000295368 0.908956
0.72 0.908897 0.000275007 0.908967
0.73 0.908966 0.000348724 0.908976
0.74 0.909039 0.00030688 0.908985
0.75 0.908877 0.000137169 0.908996
0.76 0.908793 0.000210128 0.909003
0.77 0.908808 0.000325192 0.909011
0.78 0.909043 0.000245305 0.909017
0.79 0.909001 0.000210589 0.909022
0.8 0.90894 0.000176068 0.909029
0.81 0.908963 0.000279841 0.909033
0.82 0.909045 0.000238882 0.909039
0.83 0.909281 0.000183685 0.909042
0.839999 0.909113 0.000165579 0.909046
0.849999 0.908936 0.000220197 0.90905
0.859999 0.909122 0.000275936 0.909054
0.869999 0.909106 0.000151916 0.909056
0.879999 0.90904 0.000228813 0.909059
0.889999 0.908991 0.000226347 0.909061
0.899999 0.909224 0.00021176 0.909063
0.909999 0.909033 0.000200175 0.909066
0.919999 0.909089 0.000190485 0.909068
0.929999 0.909205 0.000122807 0.90907
0.939999 0.909059 0.000166265 0.909071
0.949999 0.908891 0.000262909 0.909072
0.959999 0.909081 0.000221457 0.909074
0.969999 0.909033 0.000297845 0.909075
0.979999 0.909047 0.000205178 0.909076
0.989999 0.909007 0.000150752 0.909077
0.999999 0.909023 0.000109507 0.909078
