0.01 0 0 0
0.02 0 0 0
0.03 0 0 0
0.04 0 0 0
0.05 0 0 0
0.06 0 0 0
0.07 0 0 1.35579e-05
0.08 0 0 0.0543994
0.09 0.00212228 0.00652811 0.115737
0.1 0.112669 0.0335555 0.168368
0.11 0.180297 0.0026408 0.213651
0.12 0.224409 0.00396321 0.252872
0.13 0.266807 0.00358507 0.287092
0.14 0.301132 0.00328454 0.317161
0.15 0.330462 0.00247813 0.343757
0.16 0.356208 0.00204001 0.367425
0.17 0.379298 0.00193181 0.388606
0.18 0.401565 0.00177162 0.407653
0.19 0.420078 0.00196759 0.424862
0.2 0.437654 0.00163537 0.440473
0.21 0.452945 0.00101612 0.454691
0.22 0.466572 0.000983069 0.467682
0.23 0.479734 0.0015336 0.479592
0.24 0.490555 0.00144785 0.490541
0.25 0.501447 0.00144247 0.500634
0.26 0.510854 0.00124441 0.509962
0.27 0.520446 0.00126712 0.518601
0.28 0.52877 0.00160764 0.526619
0.29 0.536466 0.00114632 0.534077
0.3 0.543496 0.00128576 0.541025
0.31 0.55094 0.000941163 0.547508
0.32 0.556615 0.000997418 0.553569
0.33 0.562889 0.000960854 0.559243
0.34 0.568108 0.00107992 0.564562
0.35 0.572835 0.00114447 0.569554
0.36 0.57741 0.000702428 0.574246
0.37 0.58218 0.00082033 0.578661
0.38 0.586612 0.000612385 0.582819
0.39 0.590291 0.000699762 0.586741
0.4 0.594378 0.000624638 0.590441
0.41 0.597623 0.000945412 0.593937
0.42 0.600628 0.000675975 0.597243
0.43 0.603751 0.0008482 0.600371
0.44 0.606921 0.000543032 0.603334
0.45 0.609589 0.000939048 0.606141
0.46 0.612177 0.000571975 0.608805
0.47 0.61455 0.000814047 0.611333
0.48 0.617083 0.00100893 0.613734
0.49 0.61918 0.000547872 0.616015
0.5 0.621454 0.000885686 0.618184
0.51 0.623413 0.000721997 0.620248
0.52 0.625645 0.000705342 0.622214
0.53 0.627108 0.000779623 0.624086
0.54 0.628991 0.000653704 0.625869
0.55 0.630552 0.00085556 0.62757
0.56 0.632236 0.000573634 0.629192
0.57 0.633497 0.000773918 0.63074
0.58 0.635098 0.000660484 0.632218
0.59 0.636938 0.000857914 0.63363
0.6 0.637551 0.000627448 0.634979
0.61 0.639266 0.000772121 0.636269
0.62 0.640453 0.000592915 0.637502
0.63 0.641259 0.00050531 0.638681
0.64 0.642205 0.000785569 0.63981
0.65 0.643535 0.000438424 0.64089
0.66 0.644584 0.00064232 0.641925
0.67 0.645425 0.000633249 0.642916
0.68 0.646307 0.000691253 0.643866
0.69 0.646985 0.000651253 0.644776
0.7 0.647907 0.000710819 0.645648
0.71 0.648629 0.000549233 0.646485
0.72 0.649535 0.000474957 0.647288
0.73 0.650325 0.000550224 0.648058
0.74 0.650995 0.000377877 0.648797
0.75 0.651429 0.000598315 0.649507
0.76 0.652381 0.000724986 0.650188
0.77 0.653076 0.000692721 0.650843
0.78 0.653503 0.000477276 0.651471
0.79 0.654247 0.000854257 0.652075
0.8 0.654509 0.000518716 0.652655
0.81 0.654907 0.000698243 0.653214
0.82 0.655724 0.000539347 0.65375
0.83 0.65626 0.000583526 0.654266
0.839999 0.656584 0.000613408 0.654762
0.849999 0.656958 0.000716924 0.655239
0.859999 0.657597 0.000770552 0.655699
0.869999 0.657903 0.000517892 0.65614
0.879999 0.658372 0.000856156 0.656565
0.889999 0.658558 0.00055498 0.656975
0.899999 0.658753 0.000445646 0.657368
0.909999 0.659263 0.000562004 0.657748
0.919999 0.659472 0.000626066 0.658114
0.929999 0.660175 0.000503514 0.658465
0.939999 0.660275 0.0005468 0.658804
0.949999 0.660763 0.000715547 0.65913
0.959999 0.66113 0.000411854 0.659444
0.969999 0.661384 0.000686613 0.659748
0.979999 0.661474 0.000478868 0.66004
0.989999 0.661864 0.00050632 0.660321
0.999999 0.662203 0.000641868 0.660592
