0.01 1.664e-05 0.00011648 0.0365355
0.02 0.113267 0.0169322 0.126594
0.03 0.190948 0.00456586 0.199941
0.04 0.247755 0.00400211 0.259485
0.05 0.296063 0.00246246 0.308216
0.06 0.335971 0.00246705 0.348597
0.07 0.365809 0.00201125 0.38242
0.08 0.393864 0.00219296 0.411019
0.09 0.421872 0.00388868 0.435461
0.1 0.442458 0.00195096 0.456906
0.11 0.459833 0.00242079 0.477327
0.12 0.475439 0.0026175 0.495545
0.13 0.492286 0.00285976 0.511557
0.14 0.505269 0.00206871 0.525755
0.15 0.518683 0.00129848 0.538431
0.16 0.530616 0.0015702 0.549821
0.17 0.538699 0.00193144 0.560109
0.18 0.549527 0.00118834 0.56945
0.19 0.556322 0.00139879 0.577967
0.2 0.564551 0.00159714 0.585766
0.21 0.57232 0.00122225 0.592934
0.22 0.577545 0.00116989 0.599543
0.23 0.583845 0.00138276 0.605657
0.24 0.588646 0.00209709 0.611329
0.25 0.59499 0.000698913 0.616604
0.26 0.599378 0.00187065 0.621522
0.27 0.60387 0.00122847 0.626119
0.28 0.608785 0.00111305 0.630423
0.29 0.611309 0.0011045 0.634463
0.3 0.616163 0.000911707 0.63826
0.31 0.620319 0.00076487 0.641836
0.32 0.623408 0.00117575 0.645209
0.33 0.626195 0.000864992 0.648395
0.34 0.628257 0.00189406 0.651409
0.35 0.632465 0.000833334 0.654265
0.36 0.634022 0.0013595 0.656974
0.37 0.636706 0.000905247 0.659545
0.38 0.639413 0.000595622 0.661991
0.39 0.641707 0.000741748 0.664319
0.4 0.644657 0.000894442 0.666536
0.41 0.64652 0.000665491 0.668651
0.42 0.648525 0.000702524 0.67067
0.43 0.649717 0.000730287 0.672599
0.44 0.651147 0.00124572 0.674443
0.45 0.653756 0.00102073 0.676208
0.46 0.654563 0.00100165 0.677899
0.47 0.65603 0.000633476 0.679519
0.48 0.657941 0.000467139 0.681073
0.49 0.660067 0.000914503 0.682565
0.5 0.660658 0.000812243 0.683997
0.51 0.662213 0.000520927 0.685374
0.52 0.663527 0.000509939 0.686697
0.53 0.664687 0.00080691 0.68797
0.54 0.665701 0.000485906 0.689196
0.55 0.666445 0.000691828 0.690376
0.56 0.667459 0.000723427 0.691513
0.57 0.669404 0.00104151 0.692609
0.58 0.669623 0.000620402 0.693667
0.59 0.670823 0.000383811 0.694687
0.6 0.6724 0.000491252 0.695671
0.61 0.673087 0.00055936 0.696622
0.62 0.673333 0.00060579 0.69754
0.63 0.674356 0.00035624 0.698427
0.64 0.675642 0.000896352 0.699285
0.65 0.676478 0.000408449 0.700115
0.66 0.676792 0.00071479 0.700917
0.67 0.677662 0.000439475 0.701694
0.68 0.678102 0.000493109 0.702445
0.69 0.678782 0.000479875 0.703172
0.7 0.680121 0.000667735 0.703877
0.71 0.680584 0.000528511 0.704559
0.72 0.680778 0.000759933 0.70522
0.73 0.681647 0.000466684 0.705861
0.74 0.681701 0.000729636 0.706482
0.75 0.682883 0.000638356 0.707083
0.76 0.683445 0.00049226 0.707668
0.77 0.683946 0.000569788 0.708234
0.78 0.684277 0.00028302 0.708783
0.79 0.684835 0.000387427 0.709316
0.8 0.685051 0.000493059 0.709833
0.81 0.68585 0.000266649 0.710335
0.82 0.686592 0.000608744 0.710822
0.83 0.686624 0.000333123 0.711294
0.839999 0.687319 0.000464361 0.711755
0.849999 0.688041 0.000554171 0.712199
0.859999 0.687869 0.00048971 0.712632
0.869999 0.688112 0.000453491 0.713054
0.879999 0.688501 0.000464519 0.713461
0.889999 0.689358 0.000306724 0.713857
0.899999 0.689439 0.00052751 0.714242
0.909999 0.689866 0.000431781 0.714617
0.919999 0.690334 0.000355329 0.714982
0.929999 0.690569 0.000516687 0.715334
0.939999 0.690845 0.000387142 0.715677
0.949999 0.691087 0.000423663 0.716011
0.959999 0.691416 0.000229024 0.716334
0.969999 0.691643 0.000422089 0.71665
0.979999 0.691972 0.000456398 0.716955
0.989999 0.691902 0.000634749 0.717251
0.999999 0.692312 0.000379672 0.717539
