0.01 0 0 0
0.02 0 0 0
0.03 0 0 6.25132e-07
0.04 0 0 0.0132262
0.05 0 0 0.030726
0.06 0.002512 0.005024 0.0469786
0.07 0.0302606 0.0304187 0.0623215
0.08 0.0726191 0.0105284 0.0769377
0.09 0.0871276 0.0125605 0.0909377
0.1 0.0991131 0.014253 0.104393
0.11 0.11454 0.00153917 0.11735
0.12 0.126314 0.0013398 0.129839
0.13 0.139864 0.00181283 0.141881
0.14 0.150655 0.00146933 0.153488
0.15 0.162207 0.00136754 0.164674
0.16 0.171639 0.00119596 0.175448
0.17 0.181764 0.00206826 0.185823
0.18 0.192939 0.00169984 0.195812
0.19 0.202322 0.000871652 0.205429
0.2 0.211807 0.00121502 0.214689
0.21 0.220485 0.0015818 0.223606
0.22 0.230133 0.00163429 0.232195
0.23 0.23758 0.00102349 0.24047
0.24 0.245672 0.00191405 0.248445
0.25 0.254656 0.00152095 0.256134
0.26 0.261285 0.00140263 0.263549
0.27 0.26901 0.000790085 0.270703
0.28 0.275547 0.00111692 0.277605
0.29 0.282044 0.00141581 0.284267
0.3 0.288945 0.00090678 0.290699
0.31 0.296497 0.00105034 0.29691
0.32 0.301741 0.00161299 0.30291
0.33 0.307298 0.00127437 0.308707
0.34 0.314133 0.00117929 0.314309
0.35 0.320188 0.00168149 0.319724
0.36 0.325956 0.00137088 0.324961
0.37 0.330565 0.00063099 0.330027
0.38 0.334854 0.000683495 0.334927
0.39 0.340443 0.00114154 0.33967
0.4 0.344653 0.00101148 0.344262
0.41 0.349132 0.00109979 0.348709
0.42 0.354233 0.00236682 0.353018
0.43 0.359115 0.00110785 0.357193
0.44 0.363174 0.00103157 0.361239
0.45 0.366818 0.000779948 0.365163
0.46 0.371356 0.0011894 0.36897
0.47 0.375947 0.00165721 0.372663
0.48 0.379395 0.000814814 0.376248
0.49 0.382827 0.00119637 0.379799
0.5 0.386652 0.00131513 0.383254
0.51 0.390787 0.00158038 0.386949
0.52 0.393933 0.000796517 0.390661
0.53 0.397394 0.00091581 0.394269
0.54 0.399665 0.0008169 0.397774
0.55 0.402929 0.000891473 0.401178
0.56 0.406556 0.000834177 0.404486
0.57 0.409231 0.000679551 0.407701
0.58 0.412925 0.00113919 0.410828
0.59 0.415827 0.000637103 0.413868
0.6 0.417496 0.00168264 0.416826
0.61 0.42106 0.000685822 0.419705
0.62 0.423445 0.000941887 0.422507
0.63 0.425448 0.00107443 0.425235
0.64 0.428269 0.00127284 0.427893
0.65 0.430618 0.000936938 0.430481
0.66 0.43284 0.0011647 0.433004
0.67 0.436377 0.000886998 0.435464
0.68 0.43768 0.000773028 0.437861
0.69 0.440642 0.000790376 0.440199
0.7 0.442557 0.000930448 0.442479
0.71 0.445506 0.000749223 0.444704
0.72 0.44669 0.000992354 0.446875
0.73 0.448399 0.000706438 0.448993
0.74 0.449677 0.000912902 0.451062
0.75 0.452637 0.000813756 0.453082
0.76 0.453854 0.000568773 0.455054
0.77 0.45531 0.000682545 0.45698
0.78 0.457349 0.000692974 0.458862
0.79 0.459618 0.000696281 0.460701
0.8 0.461497 0.000463543 0.462498
0.81 0.462692 0.000536314 0.464255
0.82 0.463808 0.000771728 0.465972
0.83 0.466333 0.000726192 0.467651
0.839999 0.467027 0.000785851 0.469293
0.849999 0.469361 0.000410152 0.470899
0.859999 0.469652 0.000822081 0.47247
0.869999 0.472146 0.000829663 0.474006
0.879999 0.473082 0.000517075 0.475509
0.889999 0.474449 0.000605177 0.476981
0.899999 0.476038 0.000495902 0.478421
0.909999 0.477081 0.000539857 0.479829
0.919999 0.478921 0.000750838 0.481209
0.929999 0.479037 0.000507059 0.48256
0.939999 0.48063 0.000752599 0.483882
0.949999 0.481873 0.000409637 0.485177
0.959999 0.483148 0.000628548 0.486445
0.969999 0.484294 0.000396616 0.487687
0.979999 0.485828 0.000745507 0.488904
0.989999 0.486849 0.000305404 0.490096
0.999999 0.487762 0.00097447 0.491263
