0.01 0 0 0
0.02 0 0 0
0.03 0 0 0
0.04 0 0 0
0.05 0 0 0
0.06 0 0 0.000477473
0.07 0 0 0.0096554
0.08 0 0 0.0182088
0.09 0 0 0.0262714
0.1 0 0 0.033945
0.11 0.0265117 0.0195895 0.0413021
0.12 0.0267458 0.0257012 0.0483989
0.13 0.057697 0.00143992 0.0552803
0.14 0.06465 0.00925913 0.0619817
0.15 0.0732677 0.000627069 0.0685303
0.16 0.0798677 0.000659623 0.0749461
0.17 0.0864641 0.000654434 0.0812427
0.18 0.0932794 0.000960875 0.0874288
0.19 0.100659 0.00108113 0.0935091
0.2 0.106856 0.000824348 0.0994859
0.21 0.113129 0.000871493 0.10536
0.22 0.119488 0.000704934 0.11113
0.23 0.125952 0.000704943 0.116796
0.24 0.132331 0.000509802 0.122357
0.25 0.138711 0.000681032 0.127813
0.26 0.144901 0.0008859 0.133164
0.27 0.150595 0.000822511 0.138411
0.28 0.156215 0.000638018 0.143554
0.29 0.16231 0.000838102 0.148594
0.3 0.167875 0.000882684 0.153532
0.31 0.173045 0.000994852 0.15837
0.32 0.178901 0.000510847 0.16311
0.33 0.184454 0.00103564 0.167752
0.34 0.189449 0.000613694 0.1723
0.35 0.194749 0.000672798 0.176754
0.36 0.200306 0.000699406 0.181117
0.37 0.204726 0.000540606 0.185391
0.38 0.21007 0.00111277 0.189577
0.39 0.214707 0.00052517 0.193679
0.4 0.219156 0.000680844 0.197696
0.41 0.223917 0.000586234 0.201633
0.42 0.228401 0.000617634 0.20549
0.43 0.233094 0.000465259 0.209269
0.44 0.238001 0.000498627 0.212972
0.45 0.242022 0.00066128 0.216601
0.46 0.246825 0.000537965 0.220158
0.47 0.249818 0.000874582 0.223645
0.48 0.254906 0.000616513 0.227062
0.49 0.258476 0.000492487 0.230412
0.5 0.262053 0.000756796 0.233696
0.51 0.265756 0.000626276 0.236915
0.52 0.27029 0.000575225 0.240072
0.53 0.272757 0.000571896 0.243166
0.54 0.276996 0.00051453 0.246201
0.55 0.280545 0.000643249 0.249176
0.56 0.284072 0.000396701 0.252095
0.57 0.287319 0.000327474 0.254956
0.58 0.290922 0.000698545 0.257762
0.59 0.294483 0.000650762 0.260515
0.6 0.297393 0.00066017 0.263214
0.61 0.300721 0.000415639 0.265862
0.62 0.303912 0.000501871 0.268459
0.63 0.306924 0.000471172 0.271007
0.64 0.310159 0.000658952 0.273507
0.65 0.312864 0.000613918 0.275959
0.66 0.315523 0.000634596 0.278365
0.67 0.318513 0.000425727 0.280726
0.68 0.321691 0.000400985 0.283042
0.69 0.324222 0.000615905 0.285316
0.7 0.326686 0.000351007 0.287547
0.71 0.329318 0.000274642 0.289737
0.72 0.332459 0.000297667 0.291886
0.73 0.334794 0.000408971 0.293996
0.74 0.337096 0.000778659 0.296068
0.75 0.339722 0.000462753 0.298102
0.76 0.341836 0.000403067 0.300099
0.77 0.344676 0.000733969 0.302059
0.78 0.346473 0.00033007 0.303985
0.79 0.349012 0.000352013 0.305875
0.8 0.351213 0.00033096 0.307733
0.81 0.353218 0.000502509 0.309557
0.82 0.355331 0.000465955 0.311349
0.83 0.357085 0.000637886 0.31311
0.839999 0.359338 0.00048438 0.314839
0.849999 0.361318 0.00050349 0.316539
0.859999 0.36332 0.000284443 0.318208
0.869999 0.365193 0.000263535 0.31985
0.879999 0.367223 0.000530258 0.321462
0.889999 0.368974 0.000292262 0.323052
0.899999 0.370218 0.000357233 0.324682
0.909999 0.372415 0.000348922 0.326477
0.919999 0.373993 0.000228946 0.32825
0.929999 0.375629 0.000215177 0.330025
0.939999 0.377434 0.000298214 0.331768
0.949999 0.37904 0.000226358 0.333481
0.959999 0.380671 0.00021561 0.335164
0.969999 0.382263 0.000250522 0.336818
0.979999 0.383793 0.000325028 0.338444
0.989999 0.385127 0.000280701 0.340042
0.999999 0.38652 0.000295743 0.341612
