0.01 0 0 0
0.02 0 0 0
0.03 0 0 0
0.04 0 0 0
0.05 0 0 0.00542217
0.06 0 0 0.0129886
0.07 0.015482 0.00918377 0.0201578
0.08 0.0286302 0.000341076 0.0270788
0.09 0.0357739 0.000374069 0.0338299
0.1 0.0428312 0.000268303 0.040456
0.11 0.0496943 0.000404742 0.0469846
0.12 0.0564818 0.00039749 0.0534328
0.13 0.0632652 0.000285087 0.0598114
0.14 0.0697143 0.000271157 0.066126
0.15 0.0766976 0.000245127 0.072379
0.16 0.083268 0.000256117 0.0785698
0.17 0.0896479 0.000328503 0.084696
0.18 0.0967608 0.000191958 0.0907543
0.19 0.103235 0.000383851 0.0967398
0.2 0.109855 0.000362688 0.102649
0.21 0.115964 0.000528367 0.108476
0.22 0.122949 0.000315922 0.114217
0.23 0.128918 0.000384701 0.11987
0.24 0.135049 0.000352469 0.12543
0.25 0.141345 0.000314758 0.130896
0.26 0.147589 0.000263448 0.136265
0.27 0.153516 0.000241264 0.141536
0.28 0.159467 0.000355396 0.146708
0.29 0.165063 0.000293023 0.151781
0.3 0.170854 0.00031036 0.156755
0.31 0.176804 0.000665868 0.16163
0.32 0.182236 0.000339546 0.166407
0.33 0.187438 0.00021904 0.171087
0.34 0.192737 0.000407922 0.17567
0.35 0.198007 0.00026814 0.180159
0.36 0.203253 0.000345574 0.184555
0.37 0.208527 0.000285601 0.18886
0.38 0.213174 0.000399471 0.193075
0.39 0.218175 0.000259214 0.197201
0.4 0.22291 0.000214216 0.201242
0.41 0.227583 0.00062412 0.205198
0.42 0.232053 0.000290015 0.209072
0.43 0.236568 0.000403393 0.212865
0.44 0.241097 0.000409566 0.216579
0.45 0.245412 0.000275902 0.220221
0.46 0.249559 0.000303065 0.223814
0.47 0.253424 0.000288094 0.227336
0.48 0.257571 0.0004473 0.230785
0.49 0.261283 0.000409831 0.234163
0.5 0.265682 0.000381352 0.237471
0.51 0.269499 0.000546014 0.24071
0.52 0.273191 0.000498301 0.243882
0.53 0.276633 0.000497632 0.246989
0.54 0.280357 0.000332475 0.250033
0.55 0.283982 0.00020976 0.253016
0.56 0.287515 0.000208234 0.255936
0.57 0.290997 0.000257413 0.258798
0.58 0.294179 0.000375563 0.261602
0.59 0.297484 0.000350935 0.264351
0.6 0.300627 0.000346933 0.267043
0.61 0.303806 0.000238151 0.269682
0.62 0.306949 0.000381832 0.272268
0.63 0.310015 0.000251985 0.274804
0.64 0.312733 0.000268855 0.277297
0.65 0.315385 0.000326658 0.279752
0.66 0.318464 0.00015235 0.28216
0.67 0.321454 0.000214331 0.284521
0.68 0.324167 0.000241102 0.286835
0.69 0.3267 0.00037042 0.289106
0.7 0.329266 0.000101301 0.291332
0.71 0.331873 0.000198821 0.293515
0.72 0.334352 0.000181503 0.295657
0.73 0.336836 0.00023362 0.297759
0.74 0.339288 0.000191863 0.29982
0.75 0.341444 0.000221573 0.301843
0.76 0.34376 0.000139264 0.303827
0.77 0.345942 0.000198106 0.305776
0.78 0.348435 0.000245108 0.307688
0.79 0.350293 0.000273062 0.309565
0.8 0.352363 0.000145521 0.311407
0.81 0.354639 0.00025806 0.313215
0.82 0.356639 0.000127716 0.31499
0.83 0.358546 0.000123789 0.316735
0.839999 0.360494 8.01139e-05 0.318447
0.849999 0.36224 0.000144307 0.320128
0.859999 0.364274 0.0003462 0.32178
0.869999 0.365938 0.000193503 0.323402
0.879999 0.367752 0.000152674 0.324996
0.889999 0.369575 0.000182829 0.326565
0.899999 0.371287 0.000204142 0.328159
0.909999 0.373029 0.000157349 0.329889
0.919999 0.374654 0.000175048 0.331638
0.929999 0.376257 0.000133936 0.33336
0.939999 0.377907 0.000115755 0.335051
0.949999 0.379285 0.000210252 0.336713
0.959999 0.380991 0.000183812 0.338345
0.969999 0.382348 7.19512e-05 0.339947
0.979999 0.383929 0.000131789 0.341524
0.989999 0.385338 0.000138251 0.343071
0.999999 0.386781 0.000117967 0.344593
