0.01 0.0444424 0.00252738 0.0478958
0.02 0.124464 0.00166585 0.131984
0.03 0.193659 0.00168435 0.204554
0.04 0.251894 0.00120953 0.264369
0.05 0.298216 0.0019602 0.313412
0.06 0.338346 0.00192661 0.354175
0.07 0.370959 0.0017858 0.388189
0.08 0.401121 0.00165263 0.416951
0.09 0.424985 0.00123366 0.441468
0.1 0.446027 0.000857975 0.462947
0.11 0.464897 0.000708041 0.483053
0.12 0.481667 0.000783805 0.501019
0.13 0.498084 0.00122641 0.516781
0.14 0.511096 0.000954639 0.530741
0.15 0.522878 0.00102893 0.543197
0.16 0.533522 0.000692976 0.55438
0.17 0.542883 0.00128149 0.564475
0.18 0.551689 0.000764685 0.573635
0.19 0.560277 0.000747655 0.581982
0.2 0.56837 0.00131476 0.589619
0.21 0.575227 0.000830494 0.596636
0.22 0.581463 0.00147869 0.603101
0.23 0.587013 0.000792323 0.609079
0.24 0.592221 0.000622345 0.614622
0.25 0.59722 0.000627372 0.619776
0.26 0.602028 0.000366854 0.624577
0.27 0.606135 0.000629886 0.629063
0.28 0.61119 0.000646414 0.633262
0.29 0.614717 0.00078896 0.637198
0.3 0.617918 0.000852843 0.6409
0.31 0.621262 0.000467444 0.644383
0.32 0.624491 0.000714296 0.647668
0.33 0.627706 0.000589298 0.650769
0.34 0.630394 0.000846432 0.653703
0.35 0.632541 0.000602355 0.65648
0.36 0.635721 0.00064087 0.659114
0.37 0.638466 0.000659031 0.661614
0.38 0.640506 0.000694014 0.663989
0.39 0.643554 0.000703295 0.666251
0.4 0.644666 0.000489242 0.668402
0.41 0.647264 0.000963868 0.670456
0.42 0.648982 0.000825673 0.672417
0.43 0.651218 0.000985781 0.674285
0.44 0.653309 0.00100688 0.676075
0.45 0.654121 0.000957889 0.677787
0.46 0.655652 0.000436551 0.679422
0.47 0.657504 0.00112428 0.680993
0.48 0.658351 0.000455398 0.682499
0.49 0.660417 0.000395576 0.683941
0.5 0.66146 0.000494787 0.685329
0.51 0.662347 0.000762128 0.686661
0.52 0.664199 0.000950527 0.68794
0.53 0.665144 0.000442468 0.689173
0.54 0.666795 0.000950082 0.690357
0.55 0.667337 0.000542258 0.691496
0.56 0.669158 0.000973887 0.692594
0.57 0.669553 0.000554153 0.693656
0.58 0.671167 0.000977097 0.694674
0.59 0.672137 0.0012406 0.695659
0.6 0.672519 0.000446709 0.696613
0.61 0.672963 0.000574663 0.697526
0.62 0.673976 0.000662044 0.698412
0.63 0.675116 0.000901573 0.699269
0.64 0.676014 0.00102121 0.700095
0.65 0.67621 0.00038157 0.700896
0.66 0.677009 0.000612475 0.70167
0.67 0.678009 0.000896847 0.702416
0.68 0.678411 0.000510269 0.703139
0.69 0.678703 0.000191494 0.703843
0.7 0.680336 0.000944031 0.704522
0.71 0.68043 0.000757381 0.705176
0.72 0.68174 0.00122989 0.705813
0.73 0.681736 0.000848894 0.706428
0.74 0.681931 0.0007623 0.707029
0.75 0.682793 0.000904997 0.707605
0.76 0.683045 0.000457839 0.708164
0.77 0.684173 0.00101778 0.708713
0.78 0.685422 0.00148876 0.709241
0.79 0.684408 0.000479473 0.709754
0.8 0.685355 0.00104864 0.71025
0.81 0.685733 0.000887426 0.710734
0.82 0.68593 0.000579545 0.7112
0.83 0.686162 0.000181116 0.711652
0.839999 0.687014 0.000974517 0.712091
0.849999 0.687981 0.00108541 0.712522
0.859999 0.687774 0.000620316 0.71294
0.869999 0.688397 0.00116714 0.71334
0.879999 0.688298 0.000623671 0.713735
0.889999 0.688547 0.000470561 0.714119
0.899999 0.689789 0.0013706 0.714485
0.909999 0.690717 0.00121416 0.714847
0.919999 0.69021 0.00117755 0.715193
0.929999 0.690325 0.000693666 0.715535
0.939999 0.690148 0.000327851 0.715864
0.949999 0.691802 0.00108106 0.716181
0.959999 0.691306 0.00082466 0.716492
0.969999 0.692084 0.00124505 0.716795
0.979999 0.691775 0.00117019 0.717082
0.989999 0.692991 0.0011595 0.717372
0.999999 0.692499 0.00114816 0.717646
