0.01 0 0 0
0.02 0 0 0
0.03 0 0 0.00987792
0.04 0.0135842 0.0102231 0.0252597
0.05 0.0387105 0.000639467 0.0399564
0.06 0.0528225 0.000447081 0.0542839
0.07 0.066746 0.000485758 0.068312
0.08 0.0804894 0.0005346 0.082043
0.09 0.09324 0.000304106 0.0954607
0.1 0.106328 0.000578026 0.108546
0.11 0.118399 0.000556193 0.121282
0.12 0.130472 0.000676257 0.133652
0.13 0.142636 0.000600589 0.145645
0.14 0.153609 0.000599393 0.15725
0.15 0.165502 0.000430134 0.168465
0.16 0.176091 0.000716984 0.179288
0.17 0.186319 0.000962162 0.189723
0.18 0.196791 0.000655048 0.199778
0.19 0.206118 0.000310814 0.209462
0.2 0.215638 0.00040046 0.218787
0.21 0.224568 0.000500086 0.227763
0.22 0.232814 0.000703263 0.236405
0.23 0.242003 0.000469421 0.244726
0.24 0.250172 0.000442816 0.25274
0.25 0.258223 0.000744484 0.260469
0.26 0.2658 0.000710494 0.267962
0.27 0.273168 0.000372413 0.275191
0.28 0.279934 0.00075765 0.282155
0.29 0.286383 0.000433653 0.288867
0.3 0.294111 0.00055319 0.295339
0.31 0.299391 0.000351727 0.301579
0.32 0.306211 0.000441675 0.307599
0.33 0.311864 0.000364419 0.313406
0.34 0.31766 0.000907969 0.319013
0.35 0.323602 0.00054829 0.324427
0.36 0.328704 0.000792535 0.329678
0.37 0.333859 0.000394211 0.334765
0.38 0.339098 0.000193196 0.339681
0.39 0.344305 0.000420643 0.344434
0.4 0.348536 0.000400988 0.349032
0.41 0.353927 0.00080114 0.353479
0.42 0.357735 0.000324022 0.357783
0.43 0.36233 0.000472268 0.361952
0.44 0.366531 0.000361734 0.365989
0.45 0.370866 0.000401422 0.369899
0.46 0.374922 0.000649628 0.373691
0.47 0.378683 0.000615248 0.377366
0.48 0.382339 0.000521383 0.380932
0.49 0.386172 0.000364918 0.384396
0.5 0.389784 0.00033658 0.387839
0.51 0.39341 0.000403576 0.391499
0.52 0.396845 0.000663597 0.395131
0.53 0.399761 0.000430675 0.39866
0.54 0.40343 0.000558611 0.402084
0.55 0.4061 0.000367202 0.405409
0.56 0.409533 0.000378037 0.408639
0.57 0.412205 0.000544925 0.411777
0.58 0.415201 0.000176901 0.414827
0.59 0.418056 0.000409447 0.417791
0.6 0.420669 0.000671448 0.420675
0.61 0.423045 0.000293086 0.423479
0.62 0.425941 0.000403009 0.426208
0.63 0.428302 0.000264345 0.428866
0.64 0.430866 0.000394166 0.431452
0.65 0.433108 0.000283263 0.433971
0.66 0.435799 0.000416715 0.436424
0.67 0.437801 0.0004541 0.438814
0.68 0.439614 0.000302353 0.441145
0.69 0.442428 0.000506084 0.443418
0.7 0.444141 0.000312492 0.445632
0.71 0.446202 0.000237087 0.447792
0.72 0.448234 0.000526848 0.449899
0.73 0.450014 0.000377125 0.451954
0.74 0.451982 0.000554036 0.45396
0.75 0.453722 0.000271085 0.455917
0.76 0.455622 0.000172543 0.457828
0.77 0.457415 0.00018209 0.459697
0.78 0.459158 0.000490772 0.461519
0.79 0.460452 0.000344671 0.463299
0.8 0.462149 0.000215139 0.465038
0.81 0.464072 0.000345972 0.466738
0.82 0.465303 0.000257137 0.468398
0.83 0.467045 0.000384589 0.470024
0.839999 0.468232 0.000191836 0.471611
0.849999 0.46988 0.000280612 0.473162
0.859999 0.471207 0.000411028 0.474679
0.869999 0.472634 0.000343243 0.476165
0.879999 0.474191 0.000222607 0.477615
0.889999 0.47541 0.000199195 0.479035
0.899999 0.476232 0.000273167 0.480426
0.909999 0.477815 0.000221161 0.481786
0.919999 0.479025 0.000226652 0.483116
0.929999 0.48022 0.000404873 0.484418
0.939999 0.481378 0.000319031 0.485691
0.949999 0.482566 0.000286396 0.486941
0.959999 0.483449 0.000173874 0.488161
0.969999 0.484512 0.000261653 0.489359
0.979999 0.485738 0.00027623 0.490529
0.989999 0.486685 0.000307232 0.491678
0.999999 0.487971 0.000175837 0.4928
